$ Basis =DGauss A2 DFT Exchange Fitting                                         

$Elements                             References                                
$--------                             ----------                                
$H - Xe: N. Godbout, D. R. Salahub, J. Andzelm, and E. Wimmer, Can. J. Chem. 70,
$        560 (1992). DGauss basis sets provided courtesy of Cray Research, Inc. 
$
a 1
$ HYDROGEN     (4s,1p,1d)                                                       
$ S-TYPE FUNCTIONS
    4    4    0
    15.00000000  1.00000000  0.00000000  0.00000000  0.00000000
     2.50000000  0.00000000  1.00000000  0.00000000  0.00000000
     0.10000000  0.00000000  0.00000000  1.00000000  0.00000000
     0.50000000  0.00000000  0.00000000  0.00000000  1.00000000
$ P-TYPE FUNCTIONS
    1    1    0
     0.50000000  1.00000000
$ D-TYPE FUNCTIONS
    1    1    0
     0.50000000  1.00000000
a 2
$ HELIUM       (4s,1p,1d)                                                       
$ S-TYPE FUNCTIONS
    4    4    0
    18.00000000  1.00000000  0.00000000  0.00000000  0.00000000
     3.00000000  0.00000000  1.00000000  0.00000000  0.00000000
     0.12000000  0.00000000  0.00000000  1.00000000  0.00000000
     0.60000000  0.00000000  0.00000000  0.00000000  1.00000000
$ P-TYPE FUNCTIONS
    1    1    0
     0.60000000  1.00000000
$ D-TYPE FUNCTIONS
    1    1    0
     0.60000000  1.00000000
a 3
$ LITHIUM      (7s,2p,1d)                                                       
$ S-TYPE FUNCTIONS
    7    7    0
   853.00000000  1.00000000  0.00000000  0.00000000  0.00000000  0.00000000  0.00000000
     0.00000000
    17.10000000  0.00000000  1.00000000  0.00000000  0.00000000  0.00000000  0.00000000
     0.00000000
     4.30000000  0.00000000  0.00000000  1.00000000  0.00000000  0.00000000  0.00000000
     0.00000000
     1.10000000  0.00000000  0.00000000  0.00000000  1.00000000  0.00000000  0.00000000
     0.00000000
     0.27000000  0.00000000  0.00000000  0.00000000  0.00000000  1.00000000  0.00000000
     0.00000000
     0.20000000  0.00000000  0.00000000  0.00000000  0.00000000  0.00000000  1.00000000
     0.00000000
     0.07000000  0.00000000  0.00000000  0.00000000  0.00000000  0.00000000  0.00000000
     1.00000000
$ P-TYPE FUNCTIONS
    2    2    0
     0.20000000  1.00000000  0.00000000
     0.70000000  0.00000000  1.00000000
$ D-TYPE FUNCTIONS
    1    1    0
     0.70000000  1.00000000
a 4
$ BERYLLIUM    (7s,2p,1d)                                                       
$ S-TYPE FUNCTIONS
    7    7    0
   171.00000000  1.00000000  0.00000000  0.00000000  0.00000000  0.00000000  0.00000000
     0.00000000
    34.30000000  0.00000000  1.00000000  0.00000000  0.00000000  0.00000000  0.00000000
     0.00000000
     8.50000000  0.00000000  0.00000000  1.00000000  0.00000000  0.00000000  0.00000000
     0.00000000
     2.10000000  0.00000000  0.00000000  0.00000000  1.00000000  0.00000000  0.00000000
     0.00000000
     0.53000000  0.00000000  0.00000000  0.00000000  0.00000000  1.00000000  0.00000000
     0.00000000
     0.04000000  0.00000000  0.00000000  0.00000000  0.00000000  0.00000000  1.00000000
     0.00000000
     0.13000000  0.00000000  0.00000000  0.00000000  0.00000000  0.00000000  0.00000000
     1.00000000
$ P-TYPE FUNCTIONS
    2    2    0
     0.40000000  1.00000000  0.00000000
     0.13000000  0.00000000  1.00000000
$ D-TYPE FUNCTIONS
    1    1    0
     0.13000000  1.00000000
a 5
$ BORON        (8s,4p,4d)                                                       
$ S-TYPE FUNCTIONS
    8    8    0
   331.00000000  1.00000000  0.00000000  0.00000000  0.00000000  0.00000000  0.00000000
     0.00000000  0.00000000
    73.00000000  0.00000000  1.00000000  0.00000000  0.00000000  0.00000000  0.00000000
     0.00000000  0.00000000
    21.00000000  0.00000000  0.00000000  1.00000000  0.00000000  0.00000000  0.00000000
     0.00000000  0.00000000
     6.00000000  0.00000000  0.00000000  0.00000000  1.00000000  0.00000000  0.00000000
     0.00000000  0.00000000
     2.21000000  0.00000000  0.00000000  0.00000000  0.00000000  1.00000000  0.00000000
     0.00000000  0.00000000
     0.50000000  0.00000000  0.00000000  0.00000000  0.00000000  0.00000000  1.00000000
     0.00000000  0.00000000
     0.14000000  0.00000000  0.00000000  0.00000000  0.00000000  0.00000000  0.00000000
     1.00000000  0.00000000
     0.04000000  0.00000000  0.00000000  0.00000000  0.00000000  0.00000000  0.00000000
     0.00000000  1.00000000
$ P-TYPE FUNCTIONS
    4    4    0
     2.21000000  1.00000000  0.00000000  0.00000000  0.00000000
     0.50000000  0.00000000  1.00000000  0.00000000  0.00000000
     0.14000000  0.00000000  0.00000000  1.00000000  0.00000000
     0.04000000  0.00000000  0.00000000  0.00000000  1.00000000
$ D-TYPE FUNCTIONS
    4    4    0
     2.21000000  1.00000000  0.00000000  0.00000000  0.00000000
     0.50000000  0.00000000  1.00000000  0.00000000  0.00000000
     0.14000000  0.00000000  0.00000000  1.00000000  0.00000000
     0.04000000  0.00000000  0.00000000  0.00000000  1.00000000
a 6
$ CARBON       (8s,4p,4d)                                                       
$ S-TYPE FUNCTIONS
    8    8    0
   500.00000000  1.00000000  0.00000000  0.00000000  0.00000000  0.00000000  0.00000000
     0.00000000  0.00000000
   110.00000000  0.00000000  1.00000000  0.00000000  0.00000000  0.00000000  0.00000000
     0.00000000  0.00000000
    31.40000000  0.00000000  0.00000000  1.00000000  0.00000000  0.00000000  0.00000000
     0.00000000  0.00000000
     9.00000000  0.00000000  0.00000000  0.00000000  1.00000000  0.00000000  0.00000000
     0.00000000  0.00000000
     3.30000000  0.00000000  0.00000000  0.00000000  0.00000000  1.00000000  0.00000000
     0.00000000  0.00000000
     0.73000000  0.00000000  0.00000000  0.00000000  0.00000000  0.00000000  1.00000000
     0.00000000  0.00000000
     0.21000000  0.00000000  0.00000000  0.00000000  0.00000000  0.00000000  0.00000000
     1.00000000  0.00000000
     0.06000000  0.00000000  0.00000000  0.00000000  0.00000000  0.00000000  0.00000000
     0.00000000  1.00000000
$ P-TYPE FUNCTIONS
    4    4    0
     3.30000000  1.00000000  0.00000000  0.00000000  0.00000000
     0.73000000  0.00000000  1.00000000  0.00000000  0.00000000
     0.21000000  0.00000000  0.00000000  1.00000000  0.00000000
     0.06000000  0.00000000  0.00000000  0.00000000  1.00000000
$ D-TYPE FUNCTIONS
    4    4    0
     3.30000000  1.00000000  0.00000000  0.00000000  0.00000000
     0.73000000  0.00000000  1.00000000  0.00000000  0.00000000
     0.21000000  0.00000000  0.00000000  1.00000000  0.00000000
     0.06000000  0.00000000  0.00000000  0.00000000  1.00000000
a 7
$ NITROGEN     (8s,4p,4d)                                                       
$ S-TYPE FUNCTIONS
    8    8    0
   688.00000000  1.00000000  0.00000000  0.00000000  0.00000000  0.00000000  0.00000000
     0.00000000  0.00000000
   153.00000000  0.00000000  1.00000000  0.00000000  0.00000000  0.00000000  0.00000000
     0.00000000  0.00000000
    43.70000000  0.00000000  0.00000000  1.00000000  0.00000000  0.00000000  0.00000000
     0.00000000  0.00000000
    12.50000000  0.00000000  0.00000000  0.00000000  1.00000000  0.00000000  0.00000000
     0.00000000  0.00000000
     4.60000000  0.00000000  0.00000000  0.00000000  0.00000000  1.00000000  0.00000000
     0.00000000  0.00000000
     1.02000000  0.00000000  0.00000000  0.00000000  0.00000000  0.00000000  1.00000000
     0.00000000  0.00000000
     0.29000000  0.00000000  0.00000000  0.00000000  0.00000000  0.00000000  0.00000000
     1.00000000  0.00000000
     0.08300000  0.00000000  0.00000000  0.00000000  0.00000000  0.00000000  0.00000000
     0.00000000  1.00000000
$ P-TYPE FUNCTIONS
    4    4    0
     4.60000000  1.00000000  0.00000000  0.00000000  0.00000000
     1.02000000  0.00000000  1.00000000  0.00000000  0.00000000
     0.29000000  0.00000000  0.00000000  1.00000000  0.00000000
     0.08300000  0.00000000  0.00000000  0.00000000  1.00000000
$ D-TYPE FUNCTIONS
    4    4    0
     4.60000000  1.00000000  0.00000000  0.00000000  0.00000000
     1.02000000  0.00000000  1.00000000  0.00000000  0.00000000
     0.29000000  0.00000000  0.00000000  1.00000000  0.00000000
     0.08300000  0.00000000  0.00000000  0.00000000  1.00000000
a 8
$ OXYGEN       (8s,4p,4d)                                                       
$ S-TYPE FUNCTIONS
    8    8    0
   855.00000000  1.00000000  0.00000000  0.00000000  0.00000000  0.00000000  0.00000000
     0.00000000  0.00000000
   190.00000000  0.00000000  1.00000000  0.00000000  0.00000000  0.00000000  0.00000000
     0.00000000  0.00000000
    54.00000000  0.00000000  0.00000000  1.00000000  0.00000000  0.00000000  0.00000000
     0.00000000  0.00000000
    15.50000000  0.00000000  0.00000000  0.00000000  1.00000000  0.00000000  0.00000000
     0.00000000  0.00000000
     5.66000000  0.00000000  0.00000000  0.00000000  0.00000000  1.00000000  0.00000000
     0.00000000  0.00000000
     1.27000000  0.00000000  0.00000000  0.00000000  0.00000000  0.00000000  1.00000000
     0.00000000  0.00000000
     0.36000000  0.00000000  0.00000000  0.00000000  0.00000000  0.00000000  0.00000000
     1.00000000  0.00000000
     0.10000000  0.00000000  0.00000000  0.00000000  0.00000000  0.00000000  0.00000000
     0.00000000  1.00000000
$ P-TYPE FUNCTIONS
    4    4    0
     5.66000000  1.00000000  0.00000000  0.00000000  0.00000000
     1.27000000  0.00000000  1.00000000  0.00000000  0.00000000
     0.36000000  0.00000000  0.00000000  1.00000000  0.00000000
     0.10000000  0.00000000  0.00000000  0.00000000  1.00000000
$ D-TYPE FUNCTIONS
    4    4    0
     5.66000000  1.00000000  0.00000000  0.00000000  0.00000000
     1.27000000  0.00000000  1.00000000  0.00000000  0.00000000
     0.36000000  0.00000000  0.00000000  1.00000000  0.00000000
     0.10000000  0.00000000  0.00000000  0.00000000  1.00000000
a 9
$ FLUORINE     (8s,4p,4d)                                                       
$ S-TYPE FUNCTIONS
    8    8    0
  1035.00000000  1.00000000  0.00000000  0.00000000  0.00000000  0.00000000  0.00000000
     0.00000000  0.00000000
   230.00000000  0.00000000  1.00000000  0.00000000  0.00000000  0.00000000  0.00000000
     0.00000000  0.00000000
    65.70000000  0.00000000  0.00000000  1.00000000  0.00000000  0.00000000  0.00000000
     0.00000000  0.00000000
    18.80000000  0.00000000  0.00000000  0.00000000  1.00000000  0.00000000  0.00000000
     0.00000000  0.00000000
     7.00000000  0.00000000  0.00000000  0.00000000  0.00000000  1.00000000  0.00000000
     0.00000000  0.00000000
     1.53000000  0.00000000  0.00000000  0.00000000  0.00000000  0.00000000  1.00000000
     0.00000000  0.00000000
     0.44000000  0.00000000  0.00000000  0.00000000  0.00000000  0.00000000  0.00000000
     1.00000000  0.00000000
     0.13000000  0.00000000  0.00000000  0.00000000  0.00000000  0.00000000  0.00000000
     0.00000000  1.00000000
$ P-TYPE FUNCTIONS
    4    4    0
     7.00000000  1.00000000  0.00000000  0.00000000  0.00000000
     1.53000000  0.00000000  1.00000000  0.00000000  0.00000000
     0.44000000  0.00000000  0.00000000  1.00000000  0.00000000
     0.13000000  0.00000000  0.00000000  0.00000000  1.00000000
$ D-TYPE FUNCTIONS
    4    4    0
     7.00000000  1.00000000  0.00000000  0.00000000  0.00000000
     1.53000000  0.00000000  1.00000000  0.00000000  0.00000000
     0.44000000  0.00000000  0.00000000  1.00000000  0.00000000
     0.13000000  0.00000000  0.00000000  0.00000000  1.00000000
a 10
$ NEON         (8s,4p,4d)                                                       
$ S-TYPE FUNCTIONS
    8    8    0
  1380.00000000  1.00000000  0.00000000  0.00000000  0.00000000  0.00000000  0.00000000
     0.00000000  0.00000000
   308.00000000  0.00000000  1.00000000  0.00000000  0.00000000  0.00000000  0.00000000
     0.00000000  0.00000000
    88.00000000  0.00000000  0.00000000  1.00000000  0.00000000  0.00000000  0.00000000
     0.00000000  0.00000000
    25.00000000  0.00000000  0.00000000  0.00000000  1.00000000  0.00000000  0.00000000
     0.00000000  0.00000000
     9.20000000  0.00000000  0.00000000  0.00000000  0.00000000  1.00000000  0.00000000
     0.00000000  0.00000000
     2.05000000  0.00000000  0.00000000  0.00000000  0.00000000  0.00000000  1.00000000
     0.00000000  0.00000000
     0.60000000  0.00000000  0.00000000  0.00000000  0.00000000  0.00000000  0.00000000
     1.00000000  0.00000000
     0.17000000  0.00000000  0.00000000  0.00000000  0.00000000  0.00000000  0.00000000
     0.00000000  1.00000000
$ P-TYPE FUNCTIONS
    4    4    0
     9.20000000  1.00000000  0.00000000  0.00000000  0.00000000
     2.05000000  0.00000000  1.00000000  0.00000000  0.00000000
     0.60000000  0.00000000  0.00000000  1.00000000  0.00000000
     0.17000000  0.00000000  0.00000000  0.00000000  1.00000000
$ D-TYPE FUNCTIONS
    4    4    0
     9.20000000  1.00000000  0.00000000  0.00000000  0.00000000
     2.05000000  0.00000000  1.00000000  0.00000000  0.00000000
     0.60000000  0.00000000  0.00000000  1.00000000  0.00000000
     0.17000000  0.00000000  0.00000000  0.00000000  1.00000000
a 11
$ SODIUM       (9s,4p,3d)                                                       
$ S-TYPE FUNCTIONS
    9    9    0
  1230.00000000  1.00000000  0.00000000  0.00000000  0.00000000  0.00000000  0.00000000
     0.00000000  0.00000000  0.00000000
   245.00000000  0.00000000  1.00000000  0.00000000  0.00000000  0.00000000  0.00000000
     0.00000000  0.00000000  0.00000000
    61.30000000  0.00000000  0.00000000  1.00000000  0.00000000  0.00000000  0.00000000
     0.00000000  0.00000000  0.00000000
    15.00000000  0.00000000  0.00000000  0.00000000  1.00000000  0.00000000  0.00000000
     0.00000000  0.00000000  0.00000000
     3.18000000  0.00000000  0.00000000  0.00000000  0.00000000  1.00000000  0.00000000
     0.00000000  0.00000000  0.00000000
     0.01600000  0.00000000  0.00000000  0.00000000  0.00000000  0.00000000  1.00000000
     0.00000000  0.00000000  0.00000000
     1.20000000  0.00000000  0.00000000  0.00000000  0.00000000  0.00000000  0.00000000
     1.00000000  0.00000000  0.00000000
     0.24000000  0.00000000  0.00000000  0.00000000  0.00000000  0.00000000  0.00000000
     0.00000000  1.00000000  0.00000000
     0.06000000  0.00000000  0.00000000  0.00000000  0.00000000  0.00000000  0.00000000
     0.00000000  0.00000000  1.00000000
$ P-TYPE FUNCTIONS
    4    4    0
     0.01600000  1.00000000  0.00000000  0.00000000  0.00000000
     1.20000000  0.00000000  1.00000000  0.00000000  0.00000000
     0.24000000  0.00000000  0.00000000  1.00000000  0.00000000
     0.06000000  0.00000000  0.00000000  0.00000000  1.00000000
$ D-TYPE FUNCTIONS
    3    3    0
     1.20000000  1.00000000  0.00000000  0.00000000
     0.24000000  0.00000000  1.00000000  0.00000000
     0.60000000  0.00000000  0.00000000  1.00000000
a 12
$ MAGNESIUM    (9s,4p,3d)                                                       
$ S-TYPE FUNCTIONS
    9    9    0
  2050.00000000  1.00000000  0.00000000  0.00000000  0.00000000  0.00000000  0.00000000
     0.00000000  0.00000000  0.00000000
   407.00000000  0.00000000  1.00000000  0.00000000  0.00000000  0.00000000  0.00000000
     0.00000000  0.00000000  0.00000000
   103.00000000  0.00000000  0.00000000  1.00000000  0.00000000  0.00000000  0.00000000
     0.00000000  0.00000000  0.00000000
    26.00000000  0.00000000  0.00000000  0.00000000  1.00000000  0.00000000  0.00000000
     0.00000000  0.00000000  0.00000000
     6.33000000  0.00000000  0.00000000  0.00000000  0.00000000  1.00000000  0.00000000
     0.00000000  0.00000000  0.00000000
     0.02700000  0.00000000  0.00000000  0.00000000  0.00000000  0.00000000  1.00000000
     0.00000000  0.00000000  0.00000000
     2.00000000  0.00000000  0.00000000  0.00000000  0.00000000  0.00000000  0.00000000
     1.00000000  0.00000000  0.00000000
     0.40000000  0.00000000  0.00000000  0.00000000  0.00000000  0.00000000  0.00000000
     0.00000000  1.00000000  0.00000000
     0.10000000  0.00000000  0.00000000  0.00000000  0.00000000  0.00000000  0.00000000
     0.00000000  0.00000000  1.00000000
$ P-TYPE FUNCTIONS
    4    4    0
     0.02700000  1.00000000  0.00000000  0.00000000  0.00000000
     2.00000000  0.00000000  1.00000000  0.00000000  0.00000000
     0.40000000  0.00000000  0.00000000  1.00000000  0.00000000
     0.10000000  0.00000000  0.00000000  0.00000000  1.00000000
$ D-TYPE FUNCTIONS
    3    3    0
     2.00000000  1.00000000  0.00000000  0.00000000
     0.40000000  0.00000000  1.00000000  0.00000000
     0.10000000  0.00000000  0.00000000  1.00000000
$ ALUMINUM     (9s,4p,4d)                                                       
$ S-TYPE FUNCTIONS
    9    9    0
  2287.00000000  1.00000000  0.00000000  0.00000000  0.00000000  0.00000000  0.00000000
     0.00000000  0.00000000  0.00000000
   457.00000000  0.00000000  1.00000000  0.00000000  0.00000000  0.00000000  0.00000000
     0.00000000  0.00000000  0.00000000
   114.00000000  0.00000000  0.00000000  1.00000000  0.00000000  0.00000000  0.00000000
     0.00000000  0.00000000  0.00000000
    28.60000000  0.00000000  0.00000000  0.00000000  1.00000000  0.00000000  0.00000000
     0.00000000  0.00000000  0.00000000
     7.10000000  0.00000000  0.00000000  0.00000000  0.00000000  1.00000000  0.00000000
     0.00000000  0.00000000  0.00000000
     2.20000000  0.00000000  0.00000000  0.00000000  0.00000000  0.00000000  1.00000000
     0.00000000  0.00000000  0.00000000
     0.45000000  0.00000000  0.00000000  0.00000000  0.00000000  0.00000000  0.00000000
     1.00000000  0.00000000  0.00000000
     0.11000000  0.00000000  0.00000000  0.00000000  0.00000000  0.00000000  0.00000000
     0.00000000  1.00000000  0.00000000
     0.02800000  0.00000000  0.00000000  0.00000000  0.00000000  0.00000000  0.00000000
     0.00000000  0.00000000  1.00000000
$ P-TYPE FUNCTIONS
    4    4    0
     2.20000000  1.00000000  0.00000000  0.00000000  0.00000000
     0.45000000  0.00000000  1.00000000  0.00000000  0.00000000
     0.11000000  0.00000000  0.00000000  1.00000000  0.00000000
     0.02800000  0.00000000  0.00000000  0.00000000  1.00000000
$ D-TYPE FUNCTIONS
    4    4    0
     2.20000000  1.00000000  0.00000000  0.00000000  0.00000000
     0.45000000  0.00000000  1.00000000  0.00000000  0.00000000
     0.11000000  0.00000000  0.00000000  1.00000000  0.00000000
     0.02800000  0.00000000  0.00000000  0.00000000  1.00000000
a 14
$ SILICON      (9s,4p,4d)                                                       
$ S-TYPE FUNCTIONS
    9    9    0
  3277.00000000  1.00000000  0.00000000  0.00000000  0.00000000  0.00000000  0.00000000
     0.00000000  0.00000000  0.00000000
   655.00000000  0.00000000  1.00000000  0.00000000  0.00000000  0.00000000  0.00000000
     0.00000000  0.00000000  0.00000000
   164.00000000  0.00000000  0.00000000  1.00000000  0.00000000  0.00000000  0.00000000
     0.00000000  0.00000000  0.00000000
    41.00000000  0.00000000  0.00000000  0.00000000  1.00000000  0.00000000  0.00000000
     0.00000000  0.00000000  0.00000000
    10.20000000  0.00000000  0.00000000  0.00000000  0.00000000  1.00000000  0.00000000
     0.00000000  0.00000000  0.00000000
     3.20000000  0.00000000  0.00000000  0.00000000  0.00000000  0.00000000  1.00000000
     0.00000000  0.00000000  0.00000000
     0.64000000  0.00000000  0.00000000  0.00000000  0.00000000  0.00000000  0.00000000
     1.00000000  0.00000000  0.00000000
     0.16000000  0.00000000  0.00000000  0.00000000  0.00000000  0.00000000  0.00000000
     0.00000000  1.00000000  0.00000000
     0.04000000  0.00000000  0.00000000  0.00000000  0.00000000  0.00000000  0.00000000
     0.00000000  0.00000000  1.00000000
$ P-TYPE FUNCTIONS
    4    4    0
     3.20000000  1.00000000  0.00000000  0.00000000  0.00000000
     0.64000000  0.00000000  1.00000000  0.00000000  0.00000000
     0.16000000  0.00000000  0.00000000  1.00000000  0.00000000
     0.04000000  0.00000000  0.00000000  0.00000000  1.00000000
$ D-TYPE FUNCTIONS
    4    4    0
     3.20000000  1.00000000  0.00000000  0.00000000  0.00000000
     0.64200000  0.00000000  1.00000000  0.00000000  0.00000000
     0.16000000  0.00000000  0.00000000  1.00000000  0.00000000
     0.04000000  0.00000000  0.00000000  0.00000000  1.00000000
a 15
$ PHOSPHORUS   (9s,4p,4d)                                                       
$ S-TYPE FUNCTIONS
    9    9    0
  4369.70000000  1.00000000  0.00000000  0.00000000  0.00000000  0.00000000  0.00000000
     0.00000000  0.00000000  0.00000000
   874.00000000  0.00000000  1.00000000  0.00000000  0.00000000  0.00000000  0.00000000
     0.00000000  0.00000000  0.00000000
   218.00000000  0.00000000  0.00000000  1.00000000  0.00000000  0.00000000  0.00000000
     0.00000000  0.00000000  0.00000000
    55.00000000  0.00000000  0.00000000  0.00000000  1.00000000  0.00000000  0.00000000
     0.00000000  0.00000000  0.00000000
    13.60000000  0.00000000  0.00000000  0.00000000  0.00000000  1.00000000  0.00000000
     0.00000000  0.00000000  0.00000000
     4.30000000  0.00000000  0.00000000  0.00000000  0.00000000  0.00000000  1.00000000
     0.00000000  0.00000000  0.00000000
     0.85000000  0.00000000  0.00000000  0.00000000  0.00000000  0.00000000  0.00000000
     1.00000000  0.00000000  0.00000000
     0.21000000  0.00000000  0.00000000  0.00000000  0.00000000  0.00000000  0.00000000
     0.00000000  1.00000000  0.00000000
     0.05300000  0.00000000  0.00000000  0.00000000  0.00000000  0.00000000  0.00000000
     0.00000000  0.00000000  1.00000000
$ P-TYPE FUNCTIONS
    4    4    0
     4.30000000  1.00000000  0.00000000  0.00000000  0.00000000
     0.85000000  0.00000000  1.00000000  0.00000000  0.00000000
     0.21000000  0.00000000  0.00000000  1.00000000  0.00000000
     0.05300000  0.00000000  0.00000000  0.00000000  1.00000000
$ D-TYPE FUNCTIONS
    4    4    0
     4.30000000  1.00000000  0.00000000  0.00000000  0.00000000
     0.85000000  0.00000000  1.00000000  0.00000000  0.00000000
     0.21000000  0.00000000  0.00000000  1.00000000  0.00000000
     0.05300000  0.00000000  0.00000000  0.00000000  1.00000000
a 16
$ SULFUR       (9s,4p,4d)                                                       
$ S-TYPE FUNCTIONS
    9    9    0
  5461.00000000  1.00000000  0.00000000  0.00000000  0.00000000  0.00000000  0.00000000
     0.00000000  0.00000000  0.00000000
  1092.00000000  0.00000000  1.00000000  0.00000000  0.00000000  0.00000000  0.00000000
     0.00000000  0.00000000  0.00000000
   273.00000000  0.00000000  0.00000000  1.00000000  0.00000000  0.00000000  0.00000000
     0.00000000  0.00000000  0.00000000
    68.30000000  0.00000000  0.00000000  0.00000000  1.00000000  0.00000000  0.00000000
     0.00000000  0.00000000  0.00000000
    17.10000000  0.00000000  0.00000000  0.00000000  0.00000000  1.00000000  0.00000000
     0.00000000  0.00000000  0.00000000
     5.30000000  0.00000000  0.00000000  0.00000000  0.00000000  0.00000000  1.00000000
     0.00000000  0.00000000  0.00000000
     1.07000000  0.00000000  0.00000000  0.00000000  0.00000000  0.00000000  0.00000000
     1.00000000  0.00000000  0.00000000
     0.27000000  0.00000000  0.00000000  0.00000000  0.00000000  0.00000000  0.00000000
     0.00000000  1.00000000  0.00000000
     0.06700000  0.00000000  0.00000000  0.00000000  0.00000000  0.00000000  0.00000000
     0.00000000  0.00000000  1.00000000
$ P-TYPE FUNCTIONS
    4    4    0
     5.30000000  1.00000000  0.00000000  0.00000000  0.00000000
     1.07000000  0.00000000  1.00000000  0.00000000  0.00000000
     0.27000000  0.00000000  0.00000000  1.00000000  0.00000000
     0.06700000  0.00000000  0.00000000  0.00000000  1.00000000
$ D-TYPE FUNCTIONS
    4    4    0
     5.30000000  1.00000000  0.00000000  0.00000000  0.00000000
     1.07000000  0.00000000  1.00000000  0.00000000  0.00000000
     0.27000000  0.00000000  0.00000000  1.00000000  0.00000000
     0.06700000  0.00000000  0.00000000  0.00000000  1.00000000
a 17
$ CHLORINE     (9s,4p,4d)                                                       
$ S-TYPE FUNCTIONS
    9    9    0
  6827.00000000  1.00000000  0.00000000  0.00000000  0.00000000  0.00000000  0.00000000
     0.00000000  0.00000000  0.00000000
  1365.00000000  0.00000000  1.00000000  0.00000000  0.00000000  0.00000000  0.00000000
     0.00000000  0.00000000  0.00000000
   341.00000000  0.00000000  0.00000000  1.00000000  0.00000000  0.00000000  0.00000000
     0.00000000  0.00000000  0.00000000
    85.00000000  0.00000000  0.00000000  0.00000000  1.00000000  0.00000000  0.00000000
     0.00000000  0.00000000  0.00000000
    21.00000000  0.00000000  0.00000000  0.00000000  0.00000000  1.00000000  0.00000000
     0.00000000  0.00000000  0.00000000
     6.70000000  0.00000000  0.00000000  0.00000000  0.00000000  0.00000000  1.00000000
     0.00000000  0.00000000  0.00000000
     1.30000000  0.00000000  0.00000000  0.00000000  0.00000000  0.00000000  0.00000000
     1.00000000  0.00000000  0.00000000
     0.33000000  0.00000000  0.00000000  0.00000000  0.00000000  0.00000000  0.00000000
     0.00000000  1.00000000  0.00000000
     0.08300000  0.00000000  0.00000000  0.00000000  0.00000000  0.00000000  0.00000000
     0.00000000  0.00000000  1.00000000
$ P-TYPE FUNCTIONS
    4    4    0
     6.70000000  1.00000000  0.00000000  0.00000000  0.00000000
     1.30000000  0.00000000  1.00000000  0.00000000  0.00000000
     0.33000000  0.00000000  0.00000000  1.00000000  0.00000000
     0.08300000  0.00000000  0.00000000  0.00000000  1.00000000
$ D-TYPE FUNCTIONS
    4    4    0
     6.70000000  1.00000000  0.00000000  0.00000000  0.00000000
     1.30000000  0.00000000  1.00000000  0.00000000  0.00000000
     0.33000000  0.00000000  0.00000000  1.00000000  0.00000000
     0.08300000  0.00000000  0.00000000  0.00000000  1.00000000
a 18
$ ARGON        (9s,4p,4d)                                                       
$ S-TYPE FUNCTIONS
    9    9    0
  8192.00000000  1.00000000  0.00000000  0.00000000  0.00000000  0.00000000  0.00000000
     0.00000000  0.00000000  0.00000000
  1638.00000000  0.00000000  1.00000000  0.00000000  0.00000000  0.00000000  0.00000000
     0.00000000  0.00000000  0.00000000
   410.00000000  0.00000000  0.00000000  1.00000000  0.00000000  0.00000000  0.00000000
     0.00000000  0.00000000  0.00000000
   102.00000000  0.00000000  0.00000000  0.00000000  1.00000000  0.00000000  0.00000000
     0.00000000  0.00000000  0.00000000
    26.00000000  0.00000000  0.00000000  0.00000000  0.00000000  1.00000000  0.00000000
     0.00000000  0.00000000  0.00000000
     8.00000000  0.00000000  0.00000000  0.00000000  0.00000000  0.00000000  1.00000000
     0.00000000  0.00000000  0.00000000
     1.60000000  0.00000000  0.00000000  0.00000000  0.00000000  0.00000000  0.00000000
     1.00000000  0.00000000  0.00000000
     0.40000000  0.00000000  0.00000000  0.00000000  0.00000000  0.00000000  0.00000000
     0.00000000  1.00000000  0.00000000
     0.10000000  0.00000000  0.00000000  0.00000000  0.00000000  0.00000000  0.00000000
     0.00000000  0.00000000  1.00000000
$ P-TYPE FUNCTIONS
    4    4    0
     8.00000000  1.00000000  0.00000000  0.00000000  0.00000000
     1.60000000  0.00000000  1.00000000  0.00000000  0.00000000
     0.40000000  0.00000000  0.00000000  1.00000000  0.00000000
     0.10000000  0.00000000  0.00000000  0.00000000  1.00000000
$ D-TYPE FUNCTIONS
    4    4    0
     8.00000000  1.00000000  0.00000000  0.00000000  0.00000000
     1.60000000  0.00000000  1.00000000  0.00000000  0.00000000
     0.40000000  0.00000000  0.00000000  1.00000000  0.00000000
     0.10000000  0.00000000  0.00000000  0.00000000  1.00000000
a 19
$ POTASSIUM    (10s,5p,4d)                                                      
$ S-TYPE FUNCTIONS
   10   10    0
  3280.00000000  1.00000000  0.00000000  0.00000000  0.00000000  0.00000000  0.00000000
     0.00000000  0.00000000  0.00000000  0.00000000
   656.00000000  0.00000000  1.00000000  0.00000000  0.00000000  0.00000000  0.00000000
     0.00000000  0.00000000  0.00000000  0.00000000
   164.00000000  0.00000000  0.00000000  1.00000000  0.00000000  0.00000000  0.00000000
     0.00000000  0.00000000  0.00000000  0.00000000
    40.90000000  0.00000000  0.00000000  0.00000000  1.00000000  0.00000000  0.00000000
     0.00000000  0.00000000  0.00000000  0.00000000
    10.20000000  0.00000000  0.00000000  0.00000000  0.00000000  1.00000000  0.00000000
     0.00000000  0.00000000  0.00000000  0.00000000
     0.01200000  0.00000000  0.00000000  0.00000000  0.00000000  0.00000000  1.00000000
     0.00000000  0.00000000  0.00000000  0.00000000
     3.20000000  0.00000000  0.00000000  0.00000000  0.00000000  0.00000000  0.00000000
     1.00000000  0.00000000  0.00000000  0.00000000
     0.64000000  0.00000000  0.00000000  0.00000000  0.00000000  0.00000000  0.00000000
     0.00000000  1.00000000  0.00000000  0.00000000
     0.16000000  0.00000000  0.00000000  0.00000000  0.00000000  0.00000000  0.00000000
     0.00000000  0.00000000  1.00000000  0.00000000
     0.04000000  0.00000000  0.00000000  0.00000000  0.00000000  0.00000000  0.00000000
     0.00000000  0.00000000  0.00000000  1.00000000
$ P-TYPE FUNCTIONS
    5    5    0
     0.01200000  1.00000000  0.00000000  0.00000000  0.00000000  0.00000000
     3.20000000  0.00000000  1.00000000  0.00000000  0.00000000  0.00000000
     0.64000000  0.00000000  0.00000000  1.00000000  0.00000000  0.00000000
     0.16000000  0.00000000  0.00000000  0.00000000  1.00000000  0.00000000
     0.04000000  0.00000000  0.00000000  0.00000000  0.00000000  1.00000000
$ D-TYPE FUNCTIONS
    4    4    0
     3.20000000  1.00000000  0.00000000  0.00000000  0.00000000
     0.64000000  0.00000000  1.00000000  0.00000000  0.00000000
     0.16000000  0.00000000  0.00000000  1.00000000  0.00000000
     0.04000000  0.00000000  0.00000000  0.00000000  1.00000000
a 20
$ CALCIUM      (10s,5p,4d)                                                      
$ S-TYPE FUNCTIONS
   10   10    0
  4650.00000000  1.00000000  0.00000000  0.00000000  0.00000000  0.00000000  0.00000000
     0.00000000  0.00000000  0.00000000  0.00000000
   933.00000000  0.00000000  1.00000000  0.00000000  0.00000000  0.00000000  0.00000000
     0.00000000  0.00000000  0.00000000  0.00000000
   233.00000000  0.00000000  0.00000000  1.00000000  0.00000000  0.00000000  0.00000000
     0.00000000  0.00000000  0.00000000  0.00000000
    58.00000000  0.00000000  0.00000000  0.00000000  1.00000000  0.00000000  0.00000000
     0.00000000  0.00000000  0.00000000  0.00000000
    14.50000000  0.00000000  0.00000000  0.00000000  0.00000000  1.00000000  0.00000000
     0.00000000  0.00000000  0.00000000  0.00000000
     0.01800000  0.00000000  0.00000000  0.00000000  0.00000000  0.00000000  1.00000000
     0.00000000  0.00000000  0.00000000  0.00000000
     4.53000000  0.00000000  0.00000000  0.00000000  0.00000000  0.00000000  0.00000000
     1.00000000  0.00000000  0.00000000  0.00000000
     0.90000000  0.00000000  0.00000000  0.00000000  0.00000000  0.00000000  0.00000000
     0.00000000  1.00000000  0.00000000  0.00000000
     0.23000000  0.00000000  0.00000000  0.00000000  0.00000000  0.00000000  0.00000000
     0.00000000  0.00000000  1.00000000  0.00000000
     0.06000000  0.00000000  0.00000000  0.00000000  0.00000000  0.00000000  0.00000000
     0.00000000  0.00000000  0.00000000  1.00000000
$ P-TYPE FUNCTIONS
    5    5    0
     0.01800000  1.00000000  0.00000000  0.00000000  0.00000000  0.00000000
     4.53000000  0.00000000  1.00000000  0.00000000  0.00000000  0.00000000
     0.90000000  0.00000000  0.00000000  1.00000000  0.00000000  0.00000000
     0.23000000  0.00000000  0.00000000  0.00000000  1.00000000  0.00000000
     0.06000000  0.00000000  0.00000000  0.00000000  0.00000000  1.00000000
$ D-TYPE FUNCTIONS
    4    4    0
     4.53000000  1.00000000  0.00000000  0.00000000  0.00000000
     0.90000000  0.00000000  1.00000000  0.00000000  0.00000000
     0.23000000  0.00000000  0.00000000  1.00000000  0.00000000
     0.06000000  0.00000000  0.00000000  0.00000000  1.00000000
a 21
$ SCANDIUM     (10s,5p,5d)                                                      
$ S-TYPE FUNCTIONS
   10   10    0
  7000.00000000  1.00000000  0.00000000  0.00000000  0.00000000  0.00000000  0.00000000
     0.00000000  0.00000000  0.00000000  0.00000000
  1400.00000000  0.00000000  1.00000000  0.00000000  0.00000000  0.00000000  0.00000000
     0.00000000  0.00000000  0.00000000  0.00000000
   350.00000000  0.00000000  0.00000000  1.00000000  0.00000000  0.00000000  0.00000000
     0.00000000  0.00000000  0.00000000  0.00000000
    87.54000000  0.00000000  0.00000000  0.00000000  1.00000000  0.00000000  0.00000000
     0.00000000  0.00000000  0.00000000  0.00000000
    22.00000000  0.00000000  0.00000000  0.00000000  0.00000000  1.00000000  0.00000000
     0.00000000  0.00000000  0.00000000  0.00000000
     6.80000000  0.00000000  0.00000000  0.00000000  0.00000000  0.00000000  1.00000000
     0.00000000  0.00000000  0.00000000  0.00000000
     1.36000000  0.00000000  0.00000000  0.00000000  0.00000000  0.00000000  0.00000000
     1.00000000  0.00000000  0.00000000  0.00000000
     0.34000000  0.00000000  0.00000000  0.00000000  0.00000000  0.00000000  0.00000000
     0.00000000  1.00000000  0.00000000  0.00000000
     0.08500000  0.00000000  0.00000000  0.00000000  0.00000000  0.00000000  0.00000000
     0.00000000  0.00000000  1.00000000  0.00000000
     0.02100000  0.00000000  0.00000000  0.00000000  0.00000000  0.00000000  0.00000000
     0.00000000  0.00000000  0.00000000  1.00000000
$ P-TYPE FUNCTIONS
    5    5    0
     6.80000000  1.00000000  0.00000000  0.00000000  0.00000000  0.00000000
     1.36000000  0.00000000  1.00000000  0.00000000  0.00000000  0.00000000
     0.34000000  0.00000000  0.00000000  1.00000000  0.00000000  0.00000000
     0.08500000  0.00000000  0.00000000  0.00000000  1.00000000  0.00000000
     0.02100000  0.00000000  0.00000000  0.00000000  0.00000000  1.00000000
$ D-TYPE FUNCTIONS
    5    5    0
    68.00000000  1.00000000  0.00000000  0.00000000  0.00000000  0.00000000
     1.36000000  0.00000000  1.00000000  0.00000000  0.00000000  0.00000000
     3.40000000  0.00000000  0.00000000  1.00000000  0.00000000  0.00000000
     0.08500000  0.00000000  0.00000000  0.00000000  1.00000000  0.00000000
     0.02100000  0.00000000  0.00000000  0.00000000  0.00000000  1.00000000
a 22
$ TITANIUM     (10s,5p,5d)                                                      
$ S-TYPE FUNCTIONS
   10   10    0
  9300.00000000  1.00000000  0.00000000  0.00000000  0.00000000  0.00000000  0.00000000
     0.00000000  0.00000000  0.00000000  0.00000000
  1800.00000000  0.00000000  1.00000000  0.00000000  0.00000000  0.00000000  0.00000000
     0.00000000  0.00000000  0.00000000  0.00000000
   460.00000000  0.00000000  0.00000000  1.00000000  0.00000000  0.00000000  0.00000000
     0.00000000  0.00000000  0.00000000  0.00000000
   115.00000000  0.00000000  0.00000000  0.00000000  1.00000000  0.00000000  0.00000000
     0.00000000  0.00000000  0.00000000  0.00000000
    29.00000000  0.00000000  0.00000000  0.00000000  0.00000000  1.00000000  0.00000000
     0.00000000  0.00000000  0.00000000  0.00000000
     9.00000000  0.00000000  0.00000000  0.00000000  0.00000000  0.00000000  1.00000000
     0.00000000  0.00000000  0.00000000  0.00000000
     1.81000000  0.00000000  0.00000000  0.00000000  0.00000000  0.00000000  0.00000000
     1.00000000  0.00000000  0.00000000  0.00000000
     0.45000000  0.00000000  0.00000000  0.00000000  0.00000000  0.00000000  0.00000000
     0.00000000  1.00000000  0.00000000  0.00000000
     0.11000000  0.00000000  0.00000000  0.00000000  0.00000000  0.00000000  0.00000000
     0.00000000  0.00000000  1.00000000  0.00000000
     0.02800000  0.00000000  0.00000000  0.00000000  0.00000000  0.00000000  0.00000000
     0.00000000  0.00000000  0.00000000  1.00000000
$ P-TYPE FUNCTIONS
    5    5    0
     9.00000000  1.00000000  0.00000000  0.00000000  0.00000000  0.00000000
     1.81000000  0.00000000  1.00000000  0.00000000  0.00000000  0.00000000
     0.45000000  0.00000000  0.00000000  1.00000000  0.00000000  0.00000000
     0.11000000  0.00000000  0.00000000  0.00000000  1.00000000  0.00000000
     0.02800000  0.00000000  0.00000000  0.00000000  0.00000000  1.00000000
$ D-TYPE FUNCTIONS
    5    5    0
     9.00000000  1.00000000  0.00000000  0.00000000  0.00000000  0.00000000
     1.81000000  0.00000000  1.00000000  0.00000000  0.00000000  0.00000000
     0.45000000  0.00000000  0.00000000  1.00000000  0.00000000  0.00000000
     0.11000000  0.00000000  0.00000000  0.00000000  1.00000000  0.00000000
     0.02800000  0.00000000  0.00000000  0.00000000  0.00000000  1.00000000
a 23
$ VANADIUM     (10s,5p,5d)                                                      
$ S-TYPE FUNCTIONS
   10   10    0
    11000.00000  1.00000000  0.00000000  0.00000000  0.00000000  0.00000000  0.00000000
     0.00000000  0.00000000  0.00000000  0.00000000
  2200.00000000  0.00000000  1.00000000  0.00000000  0.00000000  0.00000000  0.00000000
     0.00000000  0.00000000  0.00000000  0.00000000
   550.00000000  0.00000000  0.00000000  1.00000000  0.00000000  0.00000000  0.00000000
     0.00000000  0.00000000  0.00000000  0.00000000
   137.00000000  0.00000000  0.00000000  0.00000000  1.00000000  0.00000000  0.00000000
     0.00000000  0.00000000  0.00000000  0.00000000
    35.00000000  0.00000000  0.00000000  0.00000000  0.00000000  1.00000000  0.00000000
     0.00000000  0.00000000  0.00000000  0.00000000
    11.00000000  0.00000000  0.00000000  0.00000000  0.00000000  0.00000000  1.00000000
     0.00000000  0.00000000  0.00000000  0.00000000
     2.15000000  0.00000000  0.00000000  0.00000000  0.00000000  0.00000000  0.00000000
     1.00000000  0.00000000  0.00000000  0.00000000
     0.54000000  0.00000000  0.00000000  0.00000000  0.00000000  0.00000000  0.00000000
     0.00000000  1.00000000  0.00000000  0.00000000
     0.13000000  0.00000000  0.00000000  0.00000000  0.00000000  0.00000000  0.00000000
     0.00000000  0.00000000  1.00000000  0.00000000
     0.03300000  0.00000000  0.00000000  0.00000000  0.00000000  0.00000000  0.00000000
     0.00000000  0.00000000  0.00000000  1.00000000
$ P-TYPE FUNCTIONS
    5    5    0
    11.00000000  1.00000000  0.00000000  0.00000000  0.00000000  0.00000000
     2.15000000  0.00000000  1.00000000  0.00000000  0.00000000  0.00000000
     0.54000000  0.00000000  0.00000000  1.00000000  0.00000000  0.00000000
     0.13000000  0.00000000  0.00000000  0.00000000  1.00000000  0.00000000
     0.03300000  0.00000000  0.00000000  0.00000000  0.00000000  1.00000000
$ D-TYPE FUNCTIONS
    5    5    0
    11.00000000  1.00000000  0.00000000  0.00000000  0.00000000  0.00000000
     2.15000000  0.00000000  1.00000000  0.00000000  0.00000000  0.00000000
     0.54000000  0.00000000  0.00000000  1.00000000  0.00000000  0.00000000
     0.13000000  0.00000000  0.00000000  0.00000000  1.00000000  0.00000000
     0.03300000  0.00000000  0.00000000  0.00000000  0.00000000  1.00000000
a 24
$ CHROMIUM     (10s,5p,5d)                                                      
$ S-TYPE FUNCTIONS
   10   10    0
    12300.00000  1.00000000  0.00000000  0.00000000  0.00000000  0.00000000  0.00000000
     0.00000000  0.00000000  0.00000000  0.00000000
  2460.00000000  0.00000000  1.00000000  0.00000000  0.00000000  0.00000000  0.00000000
     0.00000000  0.00000000  0.00000000  0.00000000
   616.00000000  0.00000000  0.00000000  1.00000000  0.00000000  0.00000000  0.00000000
     0.00000000  0.00000000  0.00000000  0.00000000
   154.00000000  0.00000000  0.00000000  0.00000000  1.00000000  0.00000000  0.00000000
     0.00000000  0.00000000  0.00000000  0.00000000
    38.50000000  0.00000000  0.00000000  0.00000000  0.00000000  1.00000000  0.00000000
     0.00000000  0.00000000  0.00000000  0.00000000
    12.30000000  0.00000000  0.00000000  0.00000000  0.00000000  0.00000000  1.00000000
     0.00000000  0.00000000  0.00000000  0.00000000
     2.45000000  0.00000000  0.00000000  0.00000000  0.00000000  0.00000000  0.00000000
     1.00000000  0.00000000  0.00000000  0.00000000
     0.61000000  0.00000000  0.00000000  0.00000000  0.00000000  0.00000000  0.00000000
     0.00000000  1.00000000  0.00000000  0.00000000
     0.15000000  0.00000000  0.00000000  0.00000000  0.00000000  0.00000000  0.00000000
     0.00000000  0.00000000  1.00000000  0.00000000
     0.04000000  0.00000000  0.00000000  0.00000000  0.00000000  0.00000000  0.00000000
     0.00000000  0.00000000  0.00000000  1.00000000
$ P-TYPE FUNCTIONS
    5    5    0
    12.30000000  1.00000000  0.00000000  0.00000000  0.00000000  0.00000000
     2.45000000  0.00000000  1.00000000  0.00000000  0.00000000  0.00000000
     0.61000000  0.00000000  0.00000000  1.00000000  0.00000000  0.00000000
     0.15000000  0.00000000  0.00000000  0.00000000  1.00000000  0.00000000
     0.04000000  0.00000000  0.00000000  0.00000000  0.00000000  1.00000000
$ D-TYPE FUNCTIONS
    5    5    0
    12.30000000  1.00000000  0.00000000  0.00000000  0.00000000  0.00000000
     2.45000000  0.00000000  1.00000000  0.00000000  0.00000000  0.00000000
     0.61000000  0.00000000  0.00000000  1.00000000  0.00000000  0.00000000
     0.15000000  0.00000000  0.00000000  0.00000000  1.00000000  0.00000000
     0.04000000  0.00000000  0.00000000  0.00000000  0.00000000  1.00000000
a 25
$ MANGANESE    (10s,5p,5d)                                                      
$ S-TYPE FUNCTIONS
   10   10    0
    13600.00000  1.00000000  0.00000000  0.00000000  0.00000000  0.00000000  0.00000000
     0.00000000  0.00000000  0.00000000  0.00000000
  2730.00000000  0.00000000  1.00000000  0.00000000  0.00000000  0.00000000  0.00000000
     0.00000000  0.00000000  0.00000000  0.00000000
   683.00000000  0.00000000  0.00000000  1.00000000  0.00000000  0.00000000  0.00000000
     0.00000000  0.00000000  0.00000000  0.00000000
   170.00000000  0.00000000  0.00000000  0.00000000  1.00000000  0.00000000  0.00000000
     0.00000000  0.00000000  0.00000000  0.00000000
    42.00000000  0.00000000  0.00000000  0.00000000  0.00000000  1.00000000  0.00000000
     0.00000000  0.00000000  0.00000000  0.00000000
    13.30000000  0.00000000  0.00000000  0.00000000  0.00000000  0.00000000  1.00000000
     0.00000000  0.00000000  0.00000000  0.00000000
     2.70000000  0.00000000  0.00000000  0.00000000  0.00000000  0.00000000  0.00000000
     1.00000000  0.00000000  0.00000000  0.00000000
     0.66000000  0.00000000  0.00000000  0.00000000  0.00000000  0.00000000  0.00000000
     0.00000000  1.00000000  0.00000000  0.00000000
     0.17000000  0.00000000  0.00000000  0.00000000  0.00000000  0.00000000  0.00000000
     0.00000000  0.00000000  1.00000000  0.00000000
     0.04100000  0.00000000  0.00000000  0.00000000  0.00000000  0.00000000  0.00000000
     0.00000000  0.00000000  0.00000000  1.00000000
$ P-TYPE FUNCTIONS
    5    5    0
    13.30000000  1.00000000  0.00000000  0.00000000  0.00000000  0.00000000
     2.70000000  0.00000000  1.00000000  0.00000000  0.00000000  0.00000000
     0.66000000  0.00000000  0.00000000  1.00000000  0.00000000  0.00000000
     0.17000000  0.00000000  0.00000000  0.00000000  1.00000000  0.00000000
     0.04100000  0.00000000  0.00000000  0.00000000  0.00000000  1.00000000
$ D-TYPE FUNCTIONS
    5    5    0
    13.30000000  1.00000000  0.00000000  0.00000000  0.00000000  0.00000000
     2.70000000  0.00000000  1.00000000  0.00000000  0.00000000  0.00000000
     0.66000000  0.00000000  0.00000000  1.00000000  0.00000000  0.00000000
     0.17000000  0.00000000  0.00000000  0.00000000  1.00000000  0.00000000
     0.04100000  0.00000000  0.00000000  0.00000000  0.00000000  1.00000000
a 26
$ IRON         (10s,5p,5d)                                                      
$ S-TYPE FUNCTIONS
   10   10    0
    14700.00000  1.00000000  0.00000000  0.00000000  0.00000000  0.00000000  0.00000000
     0.00000000  0.00000000  0.00000000  0.00000000
  2930.00000000  0.00000000  1.00000000  0.00000000  0.00000000  0.00000000  0.00000000
     0.00000000  0.00000000  0.00000000  0.00000000
   730.00000000  0.00000000  0.00000000  1.00000000  0.00000000  0.00000000  0.00000000
     0.00000000  0.00000000  0.00000000  0.00000000
   180.00000000  0.00000000  0.00000000  0.00000000  1.00000000  0.00000000  0.00000000
     0.00000000  0.00000000  0.00000000  0.00000000
    46.00000000  0.00000000  0.00000000  0.00000000  0.00000000  1.00000000  0.00000000
     0.00000000  0.00000000  0.00000000  0.00000000
    14.40000000  0.00000000  0.00000000  0.00000000  0.00000000  0.00000000  1.00000000
     0.00000000  0.00000000  0.00000000  0.00000000
     2.90000000  0.00000000  0.00000000  0.00000000  0.00000000  0.00000000  0.00000000
     1.00000000  0.00000000  0.00000000  0.00000000
     0.72000000  0.00000000  0.00000000  0.00000000  0.00000000  0.00000000  0.00000000
     0.00000000  1.00000000  0.00000000  0.00000000
     0.18000000  0.00000000  0.00000000  0.00000000  0.00000000  0.00000000  0.00000000
     0.00000000  0.00000000  1.00000000  0.00000000
     0.04500000  0.00000000  0.00000000  0.00000000  0.00000000  0.00000000  0.00000000
     0.00000000  0.00000000  0.00000000  1.00000000
$ P-TYPE FUNCTIONS
    5    5    0
    14.40000000  1.00000000  0.00000000  0.00000000  0.00000000  0.00000000
     2.90000000  0.00000000  1.00000000  0.00000000  0.00000000  0.00000000
     0.72000000  0.00000000  0.00000000  1.00000000  0.00000000  0.00000000
     0.18000000  0.00000000  0.00000000  0.00000000  1.00000000  0.00000000
     0.04500000  0.00000000  0.00000000  0.00000000  0.00000000  1.00000000
$ D-TYPE FUNCTIONS
    5    5    0
    14.40000000  1.00000000  0.00000000  0.00000000  0.00000000  0.00000000
     2.90000000  0.00000000  1.00000000  0.00000000  0.00000000  0.00000000
     0.72000000  0.00000000  0.00000000  1.00000000  0.00000000  0.00000000
     0.18000000  0.00000000  0.00000000  0.00000000  1.00000000  0.00000000
     0.04500000  0.00000000  0.00000000  0.00000000  0.00000000  1.00000000
a 27
$ COBALT       (10s,5p,5d)                                                      
$ S-TYPE FUNCTIONS
   10   10    0
    15700.00000  1.00000000  0.00000000  0.00000000  0.00000000  0.00000000  0.00000000
     0.00000000  0.00000000  0.00000000  0.00000000
  3130.00000000  0.00000000  1.00000000  0.00000000  0.00000000  0.00000000  0.00000000
     0.00000000  0.00000000  0.00000000  0.00000000
   783.00000000  0.00000000  0.00000000  1.00000000  0.00000000  0.00000000  0.00000000
     0.00000000  0.00000000  0.00000000  0.00000000
   195.00000000  0.00000000  0.00000000  0.00000000  1.00000000  0.00000000  0.00000000
     0.00000000  0.00000000  0.00000000  0.00000000
    49.00000000  0.00000000  0.00000000  0.00000000  0.00000000  1.00000000  0.00000000
     0.00000000  0.00000000  0.00000000  0.00000000
    15.30000000  0.00000000  0.00000000  0.00000000  0.00000000  0.00000000  1.00000000
     0.00000000  0.00000000  0.00000000  0.00000000
     3.06000000  0.00000000  0.00000000  0.00000000  0.00000000  0.00000000  0.00000000
     1.00000000  0.00000000  0.00000000  0.00000000
     0.76000000  0.00000000  0.00000000  0.00000000  0.00000000  0.00000000  0.00000000
     0.00000000  1.00000000  0.00000000  0.00000000
     0.19000000  0.00000000  0.00000000  0.00000000  0.00000000  0.00000000  0.00000000
     0.00000000  0.00000000  1.00000000  0.00000000
     0.04800000  0.00000000  0.00000000  0.00000000  0.00000000  0.00000000  0.00000000
     0.00000000  0.00000000  0.00000000  1.00000000
$ P-TYPE FUNCTIONS
    5    5    0
    15.30000000  1.00000000  0.00000000  0.00000000  0.00000000  0.00000000
     3.06000000  0.00000000  1.00000000  0.00000000  0.00000000  0.00000000
     0.76000000  0.00000000  0.00000000  1.00000000  0.00000000  0.00000000
     0.19000000  0.00000000  0.00000000  0.00000000  1.00000000  0.00000000
     0.04800000  0.00000000  0.00000000  0.00000000  0.00000000  1.00000000
$ D-TYPE FUNCTIONS
    5    5    0
    15.30000000  1.00000000  0.00000000  0.00000000  0.00000000  0.00000000
     3.06000000  0.00000000  1.00000000  0.00000000  0.00000000  0.00000000
     0.76000000  0.00000000  0.00000000  1.00000000  0.00000000  0.00000000
     0.19000000  0.00000000  0.00000000  0.00000000  1.00000000  0.00000000
     0.04800000  0.00000000  0.00000000  0.00000000  0.00000000  1.00000000
a 28
$ NICKEL       (10s,5p,5d)                                                      
$ S-TYPE FUNCTIONS
   10   10    0
    16600.00000  1.00000000  0.00000000  0.00000000  0.00000000  0.00000000  0.00000000
     0.00000000  0.00000000  0.00000000  0.00000000
  3330.00000000  0.00000000  1.00000000  0.00000000  0.00000000  0.00000000  0.00000000
     0.00000000  0.00000000  0.00000000  0.00000000
   833.00000000  0.00000000  0.00000000  1.00000000  0.00000000  0.00000000  0.00000000
     0.00000000  0.00000000  0.00000000  0.00000000
   208.00000000  0.00000000  0.00000000  0.00000000  1.00000000  0.00000000  0.00000000
     0.00000000  0.00000000  0.00000000  0.00000000
    52.50000000  0.00000000  0.00000000  0.00000000  0.00000000  1.00000000  0.00000000
     0.00000000  0.00000000  0.00000000  0.00000000
    16.00000000  0.00000000  0.00000000  0.00000000  0.00000000  0.00000000  1.00000000
     0.00000000  0.00000000  0.00000000  0.00000000
     3.23000000  0.00000000  0.00000000  0.00000000  0.00000000  0.00000000  0.00000000
     1.00000000  0.00000000  0.00000000  0.00000000
     0.80000000  0.00000000  0.00000000  0.00000000  0.00000000  0.00000000  0.00000000
     0.00000000  1.00000000  0.00000000  0.00000000
     0.20000000  0.00000000  0.00000000  0.00000000  0.00000000  0.00000000  0.00000000
     0.00000000  0.00000000  1.00000000  0.00000000
     0.05100000  0.00000000  0.00000000  0.00000000  0.00000000  0.00000000  0.00000000
     0.00000000  0.00000000  0.00000000  1.00000000
$ P-TYPE FUNCTIONS
    5    5    0
    16.00000000  1.00000000  0.00000000  0.00000000  0.00000000  0.00000000
     3.23000000  0.00000000  1.00000000  0.00000000  0.00000000  0.00000000
     0.80000000  0.00000000  0.00000000  1.00000000  0.00000000  0.00000000
     0.20000000  0.00000000  0.00000000  0.00000000  1.00000000  0.00000000
     0.05100000  0.00000000  0.00000000  0.00000000  0.00000000  1.00000000
$ D-TYPE FUNCTIONS
    5    5    0
    16.00000000  1.00000000  0.00000000  0.00000000  0.00000000  0.00000000
     3.23000000  0.00000000  1.00000000  0.00000000  0.00000000  0.00000000
     0.80000000  0.00000000  0.00000000  1.00000000  0.00000000  0.00000000
     0.20000000  0.00000000  0.00000000  0.00000000  1.00000000  0.00000000
     0.05100000  0.00000000  0.00000000  0.00000000  0.00000000  1.00000000
a 29
$ COPPER       (10s,5p,5d)                                                      
$ S-TYPE FUNCTIONS
   10   10    0
    17700.00000  1.00000000  0.00000000  0.00000000  0.00000000  0.00000000  0.00000000
     0.00000000  0.00000000  0.00000000  0.00000000
  3530.00000000  0.00000000  1.00000000  0.00000000  0.00000000  0.00000000  0.00000000
     0.00000000  0.00000000  0.00000000  0.00000000
   880.00000000  0.00000000  0.00000000  1.00000000  0.00000000  0.00000000  0.00000000
     0.00000000  0.00000000  0.00000000  0.00000000
   220.00000000  0.00000000  0.00000000  0.00000000  1.00000000  0.00000000  0.00000000
     0.00000000  0.00000000  0.00000000  0.00000000
    55.00000000  0.00000000  0.00000000  0.00000000  0.00000000  1.00000000  0.00000000
     0.00000000  0.00000000  0.00000000  0.00000000
    17.00000000  0.00000000  0.00000000  0.00000000  0.00000000  0.00000000  1.00000000
     0.00000000  0.00000000  0.00000000  0.00000000
     3.43000000  0.00000000  0.00000000  0.00000000  0.00000000  0.00000000  0.00000000
     1.00000000  0.00000000  0.00000000  0.00000000
     0.86000000  0.00000000  0.00000000  0.00000000  0.00000000  0.00000000  0.00000000
     0.00000000  1.00000000  0.00000000  0.00000000
     0.21300000  0.00000000  0.00000000  0.00000000  0.00000000  0.00000000  0.00000000
     0.00000000  0.00000000  1.00000000  0.00000000
     0.05300000  0.00000000  0.00000000  0.00000000  0.00000000  0.00000000  0.00000000
     0.00000000  0.00000000  0.00000000  1.00000000
$ P-TYPE FUNCTIONS
    5    5    0
    17.00000000  1.00000000  0.00000000  0.00000000  0.00000000  0.00000000
     3.43000000  0.00000000  1.00000000  0.00000000  0.00000000  0.00000000
     0.86000000  0.00000000  0.00000000  1.00000000  0.00000000  0.00000000
     0.21300000  0.00000000  0.00000000  0.00000000  1.00000000  0.00000000
     0.05300000  0.00000000  0.00000000  0.00000000  0.00000000  1.00000000
$ D-TYPE FUNCTIONS
    5    5    0
    17.00000000  1.00000000  0.00000000  0.00000000  0.00000000  0.00000000
     3.43000000  0.00000000  1.00000000  0.00000000  0.00000000  0.00000000
     0.86000000  0.00000000  0.00000000  1.00000000  0.00000000  0.00000000
     0.21300000  0.00000000  0.00000000  0.00000000  1.00000000  0.00000000
     0.05300000  0.00000000  0.00000000  0.00000000  0.00000000  1.00000000
a 30
$ ZINC         (10s,5p,5d)                                                      
$ S-TYPE FUNCTIONS
   10   10    0
    25200.00000  1.00000000  0.00000000  0.00000000  0.00000000  0.00000000  0.00000000
     0.00000000  0.00000000  0.00000000  0.00000000
  5030.00000000  0.00000000  1.00000000  0.00000000  0.00000000  0.00000000  0.00000000
     0.00000000  0.00000000  0.00000000  0.00000000
  1266.00000000  0.00000000  0.00000000  1.00000000  0.00000000  0.00000000  0.00000000
     0.00000000  0.00000000  0.00000000  0.00000000
   315.00000000  0.00000000  0.00000000  0.00000000  1.00000000  0.00000000  0.00000000
     0.00000000  0.00000000  0.00000000  0.00000000
    78.70000000  0.00000000  0.00000000  0.00000000  0.00000000  1.00000000  0.00000000
     0.00000000  0.00000000  0.00000000  0.00000000
    24.60000000  0.00000000  0.00000000  0.00000000  0.00000000  0.00000000  1.00000000
     0.00000000  0.00000000  0.00000000  0.00000000
     4.90000000  0.00000000  0.00000000  0.00000000  0.00000000  0.00000000  0.00000000
     1.00000000  0.00000000  0.00000000  0.00000000
     1.23000000  0.00000000  0.00000000  0.00000000  0.00000000  0.00000000  0.00000000
     0.00000000  1.00000000  0.00000000  0.00000000
     0.30700000  0.00000000  0.00000000  0.00000000  0.00000000  0.00000000  0.00000000
     0.00000000  0.00000000  1.00000000  0.00000000
     0.07700000  0.00000000  0.00000000  0.00000000  0.00000000  0.00000000  0.00000000
     0.00000000  0.00000000  0.00000000  1.00000000
$ P-TYPE FUNCTIONS
    5    5    0
    24.60000000  1.00000000  0.00000000  0.00000000  0.00000000  0.00000000
     4.90000000  0.00000000  1.00000000  0.00000000  0.00000000  0.00000000
     1.23000000  0.00000000  0.00000000  1.00000000  0.00000000  0.00000000
     0.30700000  0.00000000  0.00000000  0.00000000  1.00000000  0.00000000
     0.07700000  0.00000000  0.00000000  0.00000000  0.00000000  1.00000000
$ D-TYPE FUNCTIONS
    5    5    0
    24.60000000  1.00000000  0.00000000  0.00000000  0.00000000  0.00000000
     4.90000000  0.00000000  1.00000000  0.00000000  0.00000000  0.00000000
     1.23000000  0.00000000  0.00000000  1.00000000  0.00000000  0.00000000
     0.30700000  0.00000000  0.00000000  0.00000000  1.00000000  0.00000000
     0.07700000  0.00000000  0.00000000  0.00000000  0.00000000  1.00000000


