$ Basis =DGauss A2 DFT Coulomb Fitting                                          

$Elements                             References                                
$--------                             ----------                                
$H - Xe: N. Godbout, D. R. Salahub, J. Andzelm, and E. Wimmer, Can. J. Chem. 70,
$                                                                               
$        560 (1992). DGauss basis sets provided courtesy of Cray Research, Inc. 
$
a 1
$ HYDROGEN     (4s,1p,1d)                                                       
$ S-TYPE FUNCTIONS
    4    4    0
    45.00000000  1.00000000  0.00000000  0.00000000  0.00000000
     7.50000000  0.00000000  1.00000000  0.00000000  0.00000000
     0.30000000  0.00000000  0.00000000  1.00000000  0.00000000
     1.50000000  0.00000000  0.00000000  0.00000000  1.00000000
$ P-TYPE FUNCTIONS
    1    1    0
     1.50000000  1.00000000
$ D-TYPE FUNCTIONS
    1    1    0
     1.50000000  1.00000000
a 2
$ HELIUM       (4s,1p,1d)                                                       
$ S-TYPE FUNCTIONS
    4    4    0
    54.00000000  1.00000000  0.00000000  0.00000000  0.00000000
     9.00000000  0.00000000  1.00000000  0.00000000  0.00000000
     0.36000000  0.00000000  0.00000000  1.00000000  0.00000000
     1.80000000  0.00000000  0.00000000  0.00000000  1.00000000
$ P-TYPE FUNCTIONS
    1    1    0
     1.80000000  1.00000000
$ D-TYPE FUNCTIONS
    1    1    0
     1.80000000  1.00000000
a 3
$ LITHIUM      (7s,2p,1d)                                                       
$ S-TYPE FUNCTIONS
    7    7    0
   256.00000000  1.00000000  0.00000000  0.00000000  0.00000000  0.00000000  0.00000000
     0.00000000
    51.20000000  0.00000000  1.00000000  0.00000000  0.00000000  0.00000000  0.00000000
     0.00000000
    12.80000000  0.00000000  0.00000000  1.00000000  0.00000000  0.00000000  0.00000000
     0.00000000
     3.20000000  0.00000000  0.00000000  0.00000000  1.00000000  0.00000000  0.00000000
     0.00000000
     0.80000000  0.00000000  0.00000000  0.00000000  0.00000000  1.00000000  0.00000000
     0.00000000
     0.05000000  0.00000000  0.00000000  0.00000000  0.00000000  0.00000000  1.00000000
     0.00000000
     0.20000000  0.00000000  0.00000000  0.00000000  0.00000000  0.00000000  0.00000000
     1.00000000
$ P-TYPE FUNCTIONS
    2    2    0
     0.50000000  1.00000000  0.00000000
     0.20000000  0.00000000  1.00000000
$ D-TYPE FUNCTIONS
    1    1    0
     0.20000000  1.00000000
a 4
$ BERYLLIUM    (7s,2p,1d)                                                       
$ S-TYPE FUNCTIONS
    7    7    0
   512.00000000  1.00000000  0.00000000  0.00000000  0.00000000  0.00000000  0.00000000
     0.00000000
   103.00000000  0.00000000  1.00000000  0.00000000  0.00000000  0.00000000  0.00000000
     0.00000000
    25.60000000  0.00000000  0.00000000  1.00000000  0.00000000  0.00000000  0.00000000
     0.00000000
     6.40000000  0.00000000  0.00000000  0.00000000  1.00000000  0.00000000  0.00000000
     0.00000000
     1.60000000  0.00000000  0.00000000  0.00000000  0.00000000  1.00000000  0.00000000
     0.00000000
     0.11000000  0.00000000  0.00000000  0.00000000  0.00000000  0.00000000  1.00000000
     0.00000000
     0.40000000  0.00000000  0.00000000  0.00000000  0.00000000  0.00000000  0.00000000
     1.00000000
$ P-TYPE FUNCTIONS
    2    2    0
     0.11000000  1.00000000  0.00000000
     0.40000000  0.00000000  1.00000000
$ D-TYPE FUNCTIONS
    1    1    0
     0.40000000  1.00000000
a 5
$ BORON        (8s,4p,4d)                                                       
$ S-TYPE FUNCTIONS
    8    8    0
   992.00000000  1.00000000  0.00000000  0.00000000  0.00000000  0.00000000  0.00000000
     0.00000000  0.00000000
   220.00000000  0.00000000  1.00000000  0.00000000  0.00000000  0.00000000  0.00000000
     0.00000000  0.00000000
    63.04000000  0.00000000  0.00000000  1.00000000  0.00000000  0.00000000  0.00000000
     0.00000000  0.00000000
    18.00000000  0.00000000  0.00000000  0.00000000  1.00000000  0.00000000  0.00000000
     0.00000000  0.00000000
     6.62000000  0.00000000  0.00000000  0.00000000  0.00000000  1.00000000  0.00000000
     0.00000000  0.00000000
     1.47000000  0.00000000  0.00000000  0.00000000  0.00000000  0.00000000  1.00000000
     0.00000000  0.00000000
     0.42000000  0.00000000  0.00000000  0.00000000  0.00000000  0.00000000  0.00000000
     1.00000000  0.00000000
     0.12000000  0.00000000  0.00000000  0.00000000  0.00000000  0.00000000  0.00000000
     0.00000000  1.00000000
$ P-TYPE FUNCTIONS
    4    4    0
     6.62000000  1.00000000  0.00000000  0.00000000  0.00000000
     1.47000000  0.00000000  1.00000000  0.00000000  0.00000000
     0.42000000  0.00000000  0.00000000  1.00000000  0.00000000
     0.12000000  0.00000000  0.00000000  0.00000000  1.00000000
$ D-TYPE FUNCTIONS
    4    4    0
     6.62000000  1.00000000  0.00000000  0.00000000  0.00000000
     1.47000000  0.00000000  1.00000000  0.00000000  0.00000000
     0.42000000  0.00000000  0.00000000  1.00000000  0.00000000
     0.12000000  0.00000000  0.00000000  0.00000000  1.00000000
a 6
$ CARBON       (8s,4p,4d)                                                       
$ S-TYPE FUNCTIONS
    8    8    0
  1500.00000000  1.00000000  0.00000000  0.00000000  0.00000000  0.00000000  0.00000000
     0.00000000  0.00000000
   330.00000000  0.00000000  1.00000000  0.00000000  0.00000000  0.00000000  0.00000000
     0.00000000  0.00000000
    94.32000000  0.00000000  0.00000000  1.00000000  0.00000000  0.00000000  0.00000000
     0.00000000  0.00000000
    27.00000000  0.00000000  0.00000000  0.00000000  1.00000000  0.00000000  0.00000000
     0.00000000  0.00000000
     9.92000000  0.00000000  0.00000000  0.00000000  0.00000000  1.00000000  0.00000000
     0.00000000  0.00000000
     2.20000000  0.00000000  0.00000000  0.00000000  0.00000000  0.00000000  1.00000000
     0.00000000  0.00000000
     0.63000000  0.00000000  0.00000000  0.00000000  0.00000000  0.00000000  0.00000000
     1.00000000  0.00000000
     0.18000000  0.00000000  0.00000000  0.00000000  0.00000000  0.00000000  0.00000000
     0.00000000  1.00000000
$ P-TYPE FUNCTIONS
    4    4    0
     9.92000000  1.00000000  0.00000000  0.00000000  0.00000000
     2.20000000  0.00000000  1.00000000  0.00000000  0.00000000
     0.63000000  0.00000000  0.00000000  1.00000000  0.00000000
     0.18000000  0.00000000  0.00000000  0.00000000  1.00000000
$ D-TYPE FUNCTIONS
    4    4    0
     9.92000000  1.00000000  0.00000000  0.00000000  0.00000000
     2.20000000  0.00000000  1.00000000  0.00000000  0.00000000
     0.63000000  0.00000000  0.00000000  1.00000000  0.00000000
     0.18000000  0.00000000  0.00000000  0.00000000  1.00000000
a 7
$ NITROGEN     (8s,4p,4d)                                                       
$ S-TYPE FUNCTIONS
    8    8    0
  2066.00000000  1.00000000  0.00000000  0.00000000  0.00000000  0.00000000  0.00000000
     0.00000000  0.00000000
   459.00000000  0.00000000  1.00000000  0.00000000  0.00000000  0.00000000  0.00000000
     0.00000000  0.00000000
   131.00000000  0.00000000  0.00000000  1.00000000  0.00000000  0.00000000  0.00000000
     0.00000000  0.00000000
    37.50000000  0.00000000  0.00000000  0.00000000  1.00000000  0.00000000  0.00000000
     0.00000000  0.00000000
    13.80000000  0.00000000  0.00000000  0.00000000  0.00000000  1.00000000  0.00000000
     0.00000000  0.00000000
     3.06000000  0.00000000  0.00000000  0.00000000  0.00000000  0.00000000  1.00000000
     0.00000000  0.00000000
     0.88000000  0.00000000  0.00000000  0.00000000  0.00000000  0.00000000  0.00000000
     1.00000000  0.00000000
     0.25000000  0.00000000  0.00000000  0.00000000  0.00000000  0.00000000  0.00000000
     0.00000000  1.00000000
$ P-TYPE FUNCTIONS
    4    4    0
    13.80000000  1.00000000  0.00000000  0.00000000  0.00000000
     3.06000000  0.00000000  1.00000000  0.00000000  0.00000000
     0.88000000  0.00000000  0.00000000  1.00000000  0.00000000
     0.25000000  0.00000000  0.00000000  0.00000000  1.00000000
$ D-TYPE FUNCTIONS
    4    4    0
    13.80000000  1.00000000  0.00000000  0.00000000  0.00000000
     3.06000000  0.00000000  1.00000000  0.00000000  0.00000000
     0.88000000  0.00000000  0.00000000  1.00000000  0.00000000
     0.25000000  0.00000000  0.00000000  0.00000000  1.00000000
a 8
$ OXYGEN       (8s,4p,4d)                                                       
$ S-TYPE FUNCTIONS
    8    8    0
  2566.00000000  1.00000000  0.00000000  0.00000000  0.00000000  0.00000000  0.00000000
     0.00000000  0.00000000
   570.00000000  0.00000000  1.00000000  0.00000000  0.00000000  0.00000000  0.00000000
     0.00000000  0.00000000
   163.00000000  0.00000000  0.00000000  1.00000000  0.00000000  0.00000000  0.00000000
     0.00000000  0.00000000
    46.50000000  0.00000000  0.00000000  0.00000000  1.00000000  0.00000000  0.00000000
     0.00000000  0.00000000
    17.00000000  0.00000000  0.00000000  0.00000000  0.00000000  1.00000000  0.00000000
     0.00000000  0.00000000
     3.80000000  0.00000000  0.00000000  0.00000000  0.00000000  0.00000000  1.00000000
     0.00000000  0.00000000
     1.08000000  0.00000000  0.00000000  0.00000000  0.00000000  0.00000000  0.00000000
     1.00000000  0.00000000
     0.31000000  0.00000000  0.00000000  0.00000000  0.00000000  0.00000000  0.00000000
     0.00000000  1.00000000
$ P-TYPE FUNCTIONS
    4    4    0
    17.00000000  1.00000000  0.00000000  0.00000000  0.00000000
     3.80000000  0.00000000  1.00000000  0.00000000  0.00000000
     1.08000000  0.00000000  0.00000000  1.00000000  0.00000000
     0.31000000  0.00000000  0.00000000  0.00000000  1.00000000
$ D-TYPE FUNCTIONS
    4    4    0
    17.00000000  1.00000000  0.00000000  0.00000000  0.00000000
     3.80000000  0.00000000  1.00000000  0.00000000  0.00000000
     1.08000000  0.00000000  0.00000000  1.00000000  0.00000000
     0.31000000  0.00000000  0.00000000  0.00000000  1.00000000
a 9
$ FLUORINE     (8s,4p,4d)                                                       
$ S-TYPE FUNCTIONS
    8    8    0
  3100.00000000  1.00000000  0.00000000  0.00000000  0.00000000  0.00000000  0.00000000
     0.00000000  0.00000000
   690.00000000  0.00000000  1.00000000  0.00000000  0.00000000  0.00000000  0.00000000
     0.00000000  0.00000000
   197.00000000  0.00000000  0.00000000  1.00000000  0.00000000  0.00000000  0.00000000
     0.00000000  0.00000000
    56.30000000  0.00000000  0.00000000  0.00000000  1.00000000  0.00000000  0.00000000
     0.00000000  0.00000000
    21.00000000  0.00000000  0.00000000  0.00000000  0.00000000  1.00000000  0.00000000
     0.00000000  0.00000000
     4.60000000  0.00000000  0.00000000  0.00000000  0.00000000  0.00000000  1.00000000
     0.00000000  0.00000000
     1.33000000  0.00000000  0.00000000  0.00000000  0.00000000  0.00000000  0.00000000
     1.00000000  0.00000000
     0.38000000  0.00000000  0.00000000  0.00000000  0.00000000  0.00000000  0.00000000
     0.00000000  1.00000000
$ P-TYPE FUNCTIONS
    4    4    0
    21.00000000  1.00000000  0.00000000  0.00000000  0.00000000
     4.60000000  0.00000000  1.00000000  0.00000000  0.00000000
     1.33000000  0.00000000  0.00000000  1.00000000  0.00000000
     0.38000000  0.00000000  0.00000000  0.00000000  1.00000000
$ D-TYPE FUNCTIONS
    4    4    0
    21.00000000  1.00000000  0.00000000  0.00000000  0.00000000
     4.60000000  0.00000000  1.00000000  0.00000000  0.00000000
     1.33000000  0.00000000  0.00000000  1.00000000  0.00000000
     0.38000000  0.00000000  0.00000000  0.00000000  1.00000000
a 10
$ NEON         (8s,4p,4d)                                                       
$ S-TYPE FUNCTIONS
    8    8    0
  4150.00000000  1.00000000  0.00000000  0.00000000  0.00000000  0.00000000  0.00000000
     0.00000000  0.00000000
   923.00000000  0.00000000  1.00000000  0.00000000  0.00000000  0.00000000  0.00000000
     0.00000000  0.00000000
   264.00000000  0.00000000  0.00000000  1.00000000  0.00000000  0.00000000  0.00000000
     0.00000000  0.00000000
    75.00000000  0.00000000  0.00000000  0.00000000  1.00000000  0.00000000  0.00000000
     0.00000000  0.00000000
    27.50000000  0.00000000  0.00000000  0.00000000  0.00000000  1.00000000  0.00000000
     0.00000000  0.00000000
     6.15000000  0.00000000  0.00000000  0.00000000  0.00000000  0.00000000  1.00000000
     0.00000000  0.00000000
     1.75000000  0.00000000  0.00000000  0.00000000  0.00000000  0.00000000  0.00000000
     1.00000000  0.00000000
     0.50000000  0.00000000  0.00000000  0.00000000  0.00000000  0.00000000  0.00000000
     0.00000000  1.00000000
$ P-TYPE FUNCTIONS
    4    4    0
    27.50000000  1.00000000  0.00000000  0.00000000  0.00000000
     6.15000000  0.00000000  1.00000000  0.00000000  0.00000000
     1.75000000  0.00000000  0.00000000  1.00000000  0.00000000
     0.50000000  0.00000000  0.00000000  0.00000000  1.00000000
$ D-TYPE FUNCTIONS
    4    4    0
    27.50000000  1.00000000  0.00000000  0.00000000  0.00000000
     6.15000000  0.00000000  1.00000000  0.00000000  0.00000000
     1.75000000  0.00000000  0.00000000  1.00000000  0.00000000
     0.50000000  0.00000000  0.00000000  0.00000000  1.00000000
a 11
$ SODIUM       (9s,4p,3d)                                                       
$ S-TYPE FUNCTIONS
    9    9    0
  3700.00000000  1.00000000  0.00000000  0.00000000  0.00000000  0.00000000  0.00000000
     0.00000000  0.00000000  0.00000000
   737.00000000  0.00000000  1.00000000  0.00000000  0.00000000  0.00000000  0.00000000
     0.00000000  0.00000000  0.00000000
   184.00000000  0.00000000  0.00000000  1.00000000  0.00000000  0.00000000  0.00000000
     0.00000000  0.00000000  0.00000000
    46.00000000  0.00000000  0.00000000  0.00000000  1.00000000  0.00000000  0.00000000
     0.00000000  0.00000000  0.00000000
    11.50000000  0.00000000  0.00000000  0.00000000  0.00000000  1.00000000  0.00000000
     0.00000000  0.00000000  0.00000000
     0.04700000  0.00000000  0.00000000  0.00000000  0.00000000  0.00000000  1.00000000
     0.00000000  0.00000000  0.00000000
     3.60000000  0.00000000  0.00000000  0.00000000  0.00000000  0.00000000  0.00000000
     1.00000000  0.00000000  0.00000000
     0.72000000  0.00000000  0.00000000  0.00000000  0.00000000  0.00000000  0.00000000
     0.00000000  1.00000000  0.00000000
     0.18000000  0.00000000  0.00000000  0.00000000  0.00000000  0.00000000  0.00000000
     0.00000000  0.00000000  1.00000000
$ P-TYPE FUNCTIONS
    4    4    0
     0.04700000  1.00000000  0.00000000  0.00000000  0.00000000
     3.60000000  0.00000000  1.00000000  0.00000000  0.00000000
     0.72000000  0.00000000  0.00000000  1.00000000  0.00000000
     0.18000000  0.00000000  0.00000000  0.00000000  1.00000000
$ D-TYPE FUNCTIONS
    3    3    0
     3.60000000  1.00000000  0.00000000  0.00000000
     0.72000000  0.00000000  1.00000000  0.00000000
     0.18000000  0.00000000  0.00000000  1.00000000
a 12
$ MAGNESIUM    (9s,4p,3d)                                                       
$ S-TYPE FUNCTIONS
    9    9    0
  6140.00000000  1.00000000  0.00000000  0.00000000  0.00000000  0.00000000  0.00000000
     0.00000000  0.00000000  0.00000000
  1220.00000000  0.00000000  1.00000000  0.00000000  0.00000000  0.00000000  0.00000000
     0.00000000  0.00000000  0.00000000
   310.00000000  0.00000000  0.00000000  1.00000000  0.00000000  0.00000000  0.00000000
     0.00000000  0.00000000  0.00000000
    77.00000000  0.00000000  0.00000000  0.00000000  1.00000000  0.00000000  0.00000000
     0.00000000  0.00000000  0.00000000
    19.00000000  0.00000000  0.00000000  0.00000000  0.00000000  1.00000000  0.00000000
     0.00000000  0.00000000  0.00000000
     0.08000000  0.00000000  0.00000000  0.00000000  0.00000000  0.00000000  1.00000000
     0.00000000  0.00000000  0.00000000
     6.00000000  0.00000000  0.00000000  0.00000000  0.00000000  0.00000000  0.00000000
     1.00000000  0.00000000  0.00000000
     1.20000000  0.00000000  0.00000000  0.00000000  0.00000000  0.00000000  0.00000000
     0.00000000  1.00000000  0.00000000
     0.30000000  0.00000000  0.00000000  0.00000000  0.00000000  0.00000000  0.00000000
     0.00000000  0.00000000  1.00000000
$ P-TYPE FUNCTIONS
    4    4    0
     0.08000000  1.00000000  0.00000000  0.00000000  0.00000000
     6.00000000  0.00000000  1.00000000  0.00000000  0.00000000
     1.20000000  0.00000000  0.00000000  1.00000000  0.00000000
     0.30000000  0.00000000  0.00000000  0.00000000  1.00000000
$ D-TYPE FUNCTIONS
    3    3    0
     6.00000000  1.00000000  0.00000000  0.00000000
     1.20000000  0.00000000  1.00000000  0.00000000
     0.30000000  0.00000000  0.00000000  1.00000000
$ ALUMINUM     (9s,4p,4d)                                                       
$ S-TYPE FUNCTIONS
    9    9    0
  6861.00000000  1.00000000  0.00000000  0.00000000  0.00000000  0.00000000  0.00000000
     0.00000000  0.00000000  0.00000000
  1372.00000000  0.00000000  1.00000000  0.00000000  0.00000000  0.00000000  0.00000000
     0.00000000  0.00000000  0.00000000
   343.00000000  0.00000000  0.00000000  1.00000000  0.00000000  0.00000000  0.00000000
     0.00000000  0.00000000  0.00000000
    85.80000000  0.00000000  0.00000000  0.00000000  1.00000000  0.00000000  0.00000000
     0.00000000  0.00000000  0.00000000
    21.40000000  0.00000000  0.00000000  0.00000000  0.00000000  1.00000000  0.00000000
     0.00000000  0.00000000  0.00000000
     6.72000000  0.00000000  0.00000000  0.00000000  0.00000000  0.00000000  1.00000000
     0.00000000  0.00000000  0.00000000
     1.34000000  0.00000000  0.00000000  0.00000000  0.00000000  0.00000000  0.00000000
     1.00000000  0.00000000  0.00000000
     0.34000000  0.00000000  0.00000000  0.00000000  0.00000000  0.00000000  0.00000000
     0.00000000  1.00000000  0.00000000
     0.08400000  0.00000000  0.00000000  0.00000000  0.00000000  0.00000000  0.00000000
     0.00000000  0.00000000  1.00000000
$ P-TYPE FUNCTIONS
    4    4    0
     6.72000000  1.00000000  0.00000000  0.00000000  0.00000000
     1.34000000  0.00000000  1.00000000  0.00000000  0.00000000
     0.34000000  0.00000000  0.00000000  1.00000000  0.00000000
     0.08400000  0.00000000  0.00000000  0.00000000  1.00000000
$ D-TYPE FUNCTIONS
    4    4    0
     6.72000000  1.00000000  0.00000000  0.00000000  0.00000000
     1.34000000  0.00000000  1.00000000  0.00000000  0.00000000
     0.34000000  0.00000000  0.00000000  1.00000000  0.00000000
     0.08400000  0.00000000  0.00000000  0.00000000  1.00000000
a 14
$ SILICON      (9s,4p,4d)                                                       
$ S-TYPE FUNCTIONS
    9    9    0
  9830.00000000  1.00000000  0.00000000  0.00000000  0.00000000  0.00000000  0.00000000
     0.00000000  0.00000000  0.00000000
  1966.00000000  0.00000000  1.00000000  0.00000000  0.00000000  0.00000000  0.00000000
     0.00000000  0.00000000  0.00000000
   492.00000000  0.00000000  0.00000000  1.00000000  0.00000000  0.00000000  0.00000000
     0.00000000  0.00000000  0.00000000
   123.00000000  0.00000000  0.00000000  0.00000000  1.00000000  0.00000000  0.00000000
     0.00000000  0.00000000  0.00000000
    30.72000000  0.00000000  0.00000000  0.00000000  0.00000000  1.00000000  0.00000000
     0.00000000  0.00000000  0.00000000
     9.60000000  0.00000000  0.00000000  0.00000000  0.00000000  0.00000000  1.00000000
     0.00000000  0.00000000  0.00000000
     1.92000000  0.00000000  0.00000000  0.00000000  0.00000000  0.00000000  0.00000000
     1.00000000  0.00000000  0.00000000
     0.48000000  0.00000000  0.00000000  0.00000000  0.00000000  0.00000000  0.00000000
     0.00000000  1.00000000  0.00000000
     0.12000000  0.00000000  0.00000000  0.00000000  0.00000000  0.00000000  0.00000000
     0.00000000  0.00000000  1.00000000
$ P-TYPE FUNCTIONS
    4    4    0
     9.60000000  1.00000000  0.00000000  0.00000000  0.00000000
     1.92000000  0.00000000  1.00000000  0.00000000  0.00000000
     0.48000000  0.00000000  0.00000000  1.00000000  0.00000000
     0.12000000  0.00000000  0.00000000  0.00000000  1.00000000
$ D-TYPE FUNCTIONS
    4    4    0
     9.60000000  1.00000000  0.00000000  0.00000000  0.00000000
     1.92000000  0.00000000  1.00000000  0.00000000  0.00000000
     0.48000000  0.00000000  0.00000000  1.00000000  0.00000000
     0.12000000  0.00000000  0.00000000  0.00000000  1.00000000
a 15
$ PHOSPHORUS   (9s,4p,4d)                                                       
$ S-TYPE FUNCTIONS
    9    9    0
    13107.00000  1.00000000  0.00000000  0.00000000  0.00000000  0.00000000  0.00000000
     0.00000000  0.00000000  0.00000000
  2621.00000000  0.00000000  1.00000000  0.00000000  0.00000000  0.00000000  0.00000000
     0.00000000  0.00000000  0.00000000
   655.00000000  0.00000000  0.00000000  1.00000000  0.00000000  0.00000000  0.00000000
     0.00000000  0.00000000  0.00000000
   164.00000000  0.00000000  0.00000000  0.00000000  1.00000000  0.00000000  0.00000000
     0.00000000  0.00000000  0.00000000
    41.00000000  0.00000000  0.00000000  0.00000000  0.00000000  1.00000000  0.00000000
     0.00000000  0.00000000  0.00000000
    13.00000000  0.00000000  0.00000000  0.00000000  0.00000000  0.00000000  1.00000000
     0.00000000  0.00000000  0.00000000
     2.60000000  0.00000000  0.00000000  0.00000000  0.00000000  0.00000000  0.00000000
     1.00000000  0.00000000  0.00000000
     0.64000000  0.00000000  0.00000000  0.00000000  0.00000000  0.00000000  0.00000000
     0.00000000  1.00000000  0.00000000
     0.16000000  0.00000000  0.00000000  0.00000000  0.00000000  0.00000000  0.00000000
     0.00000000  0.00000000  1.00000000
$ P-TYPE FUNCTIONS
    4    4    0
    13.00000000  1.00000000  0.00000000  0.00000000  0.00000000
     2.60000000  0.00000000  1.00000000  0.00000000  0.00000000
     0.64000000  0.00000000  0.00000000  1.00000000  0.00000000
     0.16000000  0.00000000  0.00000000  0.00000000  1.00000000
$ D-TYPE FUNCTIONS
    4    4    0
    13.00000000  1.00000000  0.00000000  0.00000000  0.00000000
     2.60000000  0.00000000  1.00000000  0.00000000  0.00000000
     0.64000000  0.00000000  0.00000000  1.00000000  0.00000000
     0.16000000  0.00000000  0.00000000  0.00000000  1.00000000
a 16
$ SULFUR       (9s,4p,4d)                                                       
$ S-TYPE FUNCTIONS
    9    9    0
    16384.00000  1.00000000  0.00000000  0.00000000  0.00000000  0.00000000  0.00000000
     0.00000000  0.00000000  0.00000000
  3277.00000000  0.00000000  1.00000000  0.00000000  0.00000000  0.00000000  0.00000000
     0.00000000  0.00000000  0.00000000
   819.00000000  0.00000000  0.00000000  1.00000000  0.00000000  0.00000000  0.00000000
     0.00000000  0.00000000  0.00000000
   205.00000000  0.00000000  0.00000000  0.00000000  1.00000000  0.00000000  0.00000000
     0.00000000  0.00000000  0.00000000
    51.00000000  0.00000000  0.00000000  0.00000000  0.00000000  1.00000000  0.00000000
     0.00000000  0.00000000  0.00000000
    16.00000000  0.00000000  0.00000000  0.00000000  0.00000000  0.00000000  1.00000000
     0.00000000  0.00000000  0.00000000
     3.20000000  0.00000000  0.00000000  0.00000000  0.00000000  0.00000000  0.00000000
     1.00000000  0.00000000  0.00000000
     0.80000000  0.00000000  0.00000000  0.00000000  0.00000000  0.00000000  0.00000000
     0.00000000  1.00000000  0.00000000
     0.20000000  0.00000000  0.00000000  0.00000000  0.00000000  0.00000000  0.00000000
     0.00000000  0.00000000  1.00000000
$ P-TYPE FUNCTIONS
    4    4    0
    16.00000000  1.00000000  0.00000000  0.00000000  0.00000000
     3.20000000  0.00000000  1.00000000  0.00000000  0.00000000
     0.80000000  0.00000000  0.00000000  1.00000000  0.00000000
     0.20000000  0.00000000  0.00000000  0.00000000  1.00000000
$ D-TYPE FUNCTIONS
    4    4    0
    16.00000000  1.00000000  0.00000000  0.00000000  0.00000000
     3.20000000  0.00000000  1.00000000  0.00000000  0.00000000
     0.80000000  0.00000000  0.00000000  1.00000000  0.00000000
     0.20000000  0.00000000  0.00000000  0.00000000  1.00000000
a 17
$ CHLORINE     (9s,4p,4d)                                                       
$ S-TYPE FUNCTIONS
    9    9    0
    20480.00000  1.00000000  0.00000000  0.00000000  0.00000000  0.00000000  0.00000000
     0.00000000  0.00000000  0.00000000
  4096.00000000  0.00000000  1.00000000  0.00000000  0.00000000  0.00000000  0.00000000
     0.00000000  0.00000000  0.00000000
  1024.00000000  0.00000000  0.00000000  1.00000000  0.00000000  0.00000000  0.00000000
     0.00000000  0.00000000  0.00000000
   256.00000000  0.00000000  0.00000000  0.00000000  1.00000000  0.00000000  0.00000000
     0.00000000  0.00000000  0.00000000
    64.00000000  0.00000000  0.00000000  0.00000000  0.00000000  1.00000000  0.00000000
     0.00000000  0.00000000  0.00000000
    20.00000000  0.00000000  0.00000000  0.00000000  0.00000000  0.00000000  1.00000000
     0.00000000  0.00000000  0.00000000
     4.00000000  0.00000000  0.00000000  0.00000000  0.00000000  0.00000000  0.00000000
     1.00000000  0.00000000  0.00000000
     1.00000000  0.00000000  0.00000000  0.00000000  0.00000000  0.00000000  0.00000000
     0.00000000  1.00000000  0.00000000
     0.25000000  0.00000000  0.00000000  0.00000000  0.00000000  0.00000000  0.00000000
     0.00000000  0.00000000  1.00000000
$ P-TYPE FUNCTIONS
    4    4    0
    20.00000000  1.00000000  0.00000000  0.00000000  0.00000000
     4.00000000  0.00000000  1.00000000  0.00000000  0.00000000
     1.00000000  0.00000000  0.00000000  1.00000000  0.00000000
     0.25000000  0.00000000  0.00000000  0.00000000  1.00000000
$ D-TYPE FUNCTIONS
    4    4    0
    20.00000000  1.00000000  0.00000000  0.00000000  0.00000000
     4.00000000  0.00000000  1.00000000  0.00000000  0.00000000
     1.00000000  0.00000000  0.00000000  1.00000000  0.00000000
     0.25000000  0.00000000  0.00000000  0.00000000  1.00000000
a 18
$ ARGON        (9s,4p,4d)                                                       
$ S-TYPE FUNCTIONS
    9    9    0
    24576.00000  1.00000000  0.00000000  0.00000000  0.00000000  0.00000000  0.00000000
     0.00000000  0.00000000  0.00000000
  4915.00000000  0.00000000  1.00000000  0.00000000  0.00000000  0.00000000  0.00000000
     0.00000000  0.00000000  0.00000000
  1229.00000000  0.00000000  0.00000000  1.00000000  0.00000000  0.00000000  0.00000000
     0.00000000  0.00000000  0.00000000
   307.00000000  0.00000000  0.00000000  0.00000000  1.00000000  0.00000000  0.00000000
     0.00000000  0.00000000  0.00000000
    77.00000000  0.00000000  0.00000000  0.00000000  0.00000000  1.00000000  0.00000000
     0.00000000  0.00000000  0.00000000
    24.00000000  0.00000000  0.00000000  0.00000000  0.00000000  0.00000000  1.00000000
     0.00000000  0.00000000  0.00000000
     4.80000000  0.00000000  0.00000000  0.00000000  0.00000000  0.00000000  0.00000000
     1.00000000  0.00000000  0.00000000
     1.20000000  0.00000000  0.00000000  0.00000000  0.00000000  0.00000000  0.00000000
     0.00000000  1.00000000  0.00000000
     0.30000000  0.00000000  0.00000000  0.00000000  0.00000000  0.00000000  0.00000000
     0.00000000  0.00000000  1.00000000
$ P-TYPE FUNCTIONS
    4    4    0
    24.00000000  1.00000000  0.00000000  0.00000000  0.00000000
     4.80000000  0.00000000  1.00000000  0.00000000  0.00000000
     1.20000000  0.00000000  0.00000000  1.00000000  0.00000000
     0.30000000  0.00000000  0.00000000  0.00000000  1.00000000
$ D-TYPE FUNCTIONS
    4    4    0
    24.00000000  1.00000000  0.00000000  0.00000000  0.00000000
     4.80000000  0.00000000  1.00000000  0.00000000  0.00000000
     1.20000000  0.00000000  0.00000000  1.00000000  0.00000000
     0.30000000  0.00000000  0.00000000  0.00000000  1.00000000
a 21
$ SCANDIUM     (10s,5p,5d)                                                      
$ S-TYPE FUNCTIONS
   10   10    0
    21000.00000  1.00000000  0.00000000  0.00000000  0.00000000  0.00000000  0.00000000
     0.00000000  0.00000000  0.00000000  0.00000000
  4200.00000000  0.00000000  1.00000000  0.00000000  0.00000000  0.00000000  0.00000000
     0.00000000  0.00000000  0.00000000  0.00000000
  1050.00000000  0.00000000  0.00000000  1.00000000  0.00000000  0.00000000  0.00000000
     0.00000000  0.00000000  0.00000000  0.00000000
   262.40000000  0.00000000  0.00000000  0.00000000  1.00000000  0.00000000  0.00000000
     0.00000000  0.00000000  0.00000000  0.00000000
    65.60000000  0.00000000  0.00000000  0.00000000  0.00000000  1.00000000  0.00000000
     0.00000000  0.00000000  0.00000000  0.00000000
    20.50000000  0.00000000  0.00000000  0.00000000  0.00000000  0.00000000  1.00000000
     0.00000000  0.00000000  0.00000000  0.00000000
     4.10000000  0.00000000  0.00000000  0.00000000  0.00000000  0.00000000  0.00000000
     1.00000000  0.00000000  0.00000000  0.00000000
     1.03000000  0.00000000  0.00000000  0.00000000  0.00000000  0.00000000  0.00000000
     0.00000000  1.00000000  0.00000000  0.00000000
     0.25600000  0.00000000  0.00000000  0.00000000  0.00000000  0.00000000  0.00000000
     0.00000000  0.00000000  1.00000000  0.00000000
     0.06400000  0.00000000  0.00000000  0.00000000  0.00000000  0.00000000  0.00000000
     0.00000000  0.00000000  0.00000000  1.00000000
$ P-TYPE FUNCTIONS
    5    5    0
    20.50000000  1.00000000  0.00000000  0.00000000  0.00000000  0.00000000
     4.10000000  0.00000000  1.00000000  0.00000000  0.00000000  0.00000000
     1.03000000  0.00000000  0.00000000  1.00000000  0.00000000  0.00000000
     0.25600000  0.00000000  0.00000000  0.00000000  1.00000000  0.00000000
     0.06400000  0.00000000  0.00000000  0.00000000  0.00000000  1.00000000
$ D-TYPE FUNCTIONS
    5    5    0
    20.50000000  1.00000000  0.00000000  0.00000000  0.00000000  0.00000000
     4.10000000  0.00000000  1.00000000  0.00000000  0.00000000  0.00000000
     1.03000000  0.00000000  0.00000000  1.00000000  0.00000000  0.00000000
     0.25600000  0.00000000  0.00000000  0.00000000  1.00000000  0.00000000
     0.06400000  0.00000000  0.00000000  0.00000000  0.00000000  1.00000000
a 22
$ TITANIUM     (10s,5p,5d)                                                      
$ S-TYPE FUNCTIONS
   10   10    0
    28000.00000  1.00000000  0.00000000  0.00000000  0.00000000  0.00000000  0.00000000
     0.00000000  0.00000000  0.00000000  0.00000000
  5600.00000000  0.00000000  1.00000000  0.00000000  0.00000000  0.00000000  0.00000000
     0.00000000  0.00000000  0.00000000  0.00000000
  1400.00000000  0.00000000  0.00000000  1.00000000  0.00000000  0.00000000  0.00000000
     0.00000000  0.00000000  0.00000000  0.00000000
   348.00000000  0.00000000  0.00000000  0.00000000  1.00000000  0.00000000  0.00000000
     0.00000000  0.00000000  0.00000000  0.00000000
    87.00000000  0.00000000  0.00000000  0.00000000  0.00000000  1.00000000  0.00000000
     0.00000000  0.00000000  0.00000000  0.00000000
    27.20000000  0.00000000  0.00000000  0.00000000  0.00000000  0.00000000  1.00000000
     0.00000000  0.00000000  0.00000000  0.00000000
     5.44000000  0.00000000  0.00000000  0.00000000  0.00000000  0.00000000  0.00000000
     1.00000000  0.00000000  0.00000000  0.00000000
     1.36000000  0.00000000  0.00000000  0.00000000  0.00000000  0.00000000  0.00000000
     0.00000000  1.00000000  0.00000000  0.00000000
     0.34000000  0.00000000  0.00000000  0.00000000  0.00000000  0.00000000  0.00000000
     0.00000000  0.00000000  1.00000000  0.00000000
     0.08400000  0.00000000  0.00000000  0.00000000  0.00000000  0.00000000  0.00000000
     0.00000000  0.00000000  0.00000000  1.00000000
$ P-TYPE FUNCTIONS
    5    5    0
    27.20000000  1.00000000  0.00000000  0.00000000  0.00000000  0.00000000
     5.44000000  0.00000000  1.00000000  0.00000000  0.00000000  0.00000000
     1.36000000  0.00000000  0.00000000  1.00000000  0.00000000  0.00000000
     0.34000000  0.00000000  0.00000000  0.00000000  1.00000000  0.00000000
     0.08400000  0.00000000  0.00000000  0.00000000  0.00000000  1.00000000
$ D-TYPE FUNCTIONS
    5    5    0
    27.20000000  1.00000000  0.00000000  0.00000000  0.00000000  0.00000000
     5.44000000  0.00000000  1.00000000  0.00000000  0.00000000  0.00000000
     1.36000000  0.00000000  0.00000000  1.00000000  0.00000000  0.00000000
     0.34000000  0.00000000  0.00000000  0.00000000  1.00000000  0.00000000
     0.08400000  0.00000000  0.00000000  0.00000000  0.00000000  1.00000000
a 23
$ VANADIUM     (10s,5p,5d)                                                      
$ S-TYPE FUNCTIONS
   10   10    0
    33100.00000  1.00000000  0.00000000  0.00000000  0.00000000  0.00000000  0.00000000
     0.00000000  0.00000000  0.00000000  0.00000000
  6620.00000000  0.00000000  1.00000000  0.00000000  0.00000000  0.00000000  0.00000000
     0.00000000  0.00000000  0.00000000  0.00000000
  1650.00000000  0.00000000  0.00000000  1.00000000  0.00000000  0.00000000  0.00000000
     0.00000000  0.00000000  0.00000000  0.00000000
   414.00000000  0.00000000  0.00000000  0.00000000  1.00000000  0.00000000  0.00000000
     0.00000000  0.00000000  0.00000000  0.00000000
   103.00000000  0.00000000  0.00000000  0.00000000  0.00000000  1.00000000  0.00000000
     0.00000000  0.00000000  0.00000000  0.00000000
    32.00000000  0.00000000  0.00000000  0.00000000  0.00000000  0.00000000  1.00000000
     0.00000000  0.00000000  0.00000000  0.00000000
     6.46000000  0.00000000  0.00000000  0.00000000  0.00000000  0.00000000  0.00000000
     1.00000000  0.00000000  0.00000000  0.00000000
     1.61000000  0.00000000  0.00000000  0.00000000  0.00000000  0.00000000  0.00000000
     0.00000000  1.00000000  0.00000000  0.00000000
     0.40400000  0.00000000  0.00000000  0.00000000  0.00000000  0.00000000  0.00000000
     0.00000000  0.00000000  1.00000000  0.00000000
     0.10100000  0.00000000  0.00000000  0.00000000  0.00000000  0.00000000  0.00000000
     0.00000000  0.00000000  0.00000000  1.00000000
$ P-TYPE FUNCTIONS
    5    5    0
    32.00000000  1.00000000  0.00000000  0.00000000  0.00000000  0.00000000
     6.46000000  0.00000000  1.00000000  0.00000000  0.00000000  0.00000000
     1.61000000  0.00000000  0.00000000  1.00000000  0.00000000  0.00000000
     0.40400000  0.00000000  0.00000000  0.00000000  1.00000000  0.00000000
     0.10100000  0.00000000  0.00000000  0.00000000  0.00000000  1.00000000
$ D-TYPE FUNCTIONS
    5    5    0
    32.00000000  1.00000000  0.00000000  0.00000000  0.00000000  0.00000000
     6.46000000  0.00000000  1.00000000  0.00000000  0.00000000  0.00000000
     1.61000000  0.00000000  0.00000000  1.00000000  0.00000000  0.00000000
     0.40400000  0.00000000  0.00000000  0.00000000  1.00000000  0.00000000
     0.10100000  0.00000000  0.00000000  0.00000000  0.00000000  1.00000000
a 24
$ CHROMIUM     (10s,5p,5d)                                                      
$ S-TYPE FUNCTIONS
   10   10    0
    37000.00000  1.00000000  0.00000000  0.00000000  0.00000000  0.00000000  0.00000000
     0.00000000  0.00000000  0.00000000  0.00000000
  7530.00000000  0.00000000  1.00000000  0.00000000  0.00000000  0.00000000  0.00000000
     0.00000000  0.00000000  0.00000000  0.00000000
  1880.00000000  0.00000000  0.00000000  1.00000000  0.00000000  0.00000000  0.00000000
     0.00000000  0.00000000  0.00000000  0.00000000
   471.00000000  0.00000000  0.00000000  0.00000000  1.00000000  0.00000000  0.00000000
     0.00000000  0.00000000  0.00000000  0.00000000
   117.00000000  0.00000000  0.00000000  0.00000000  0.00000000  1.00000000  0.00000000
     0.00000000  0.00000000  0.00000000  0.00000000
    36.80000000  0.00000000  0.00000000  0.00000000  0.00000000  0.00000000  1.00000000
     0.00000000  0.00000000  0.00000000  0.00000000
     7.36000000  0.00000000  0.00000000  0.00000000  0.00000000  0.00000000  0.00000000
     1.00000000  0.00000000  0.00000000  0.00000000
     1.84000000  0.00000000  0.00000000  0.00000000  0.00000000  0.00000000  0.00000000
     0.00000000  1.00000000  0.00000000  0.00000000
     0.46000000  0.00000000  0.00000000  0.00000000  0.00000000  0.00000000  0.00000000
     0.00000000  0.00000000  1.00000000  0.00000000
     0.11500000  0.00000000  0.00000000  0.00000000  0.00000000  0.00000000  0.00000000
     0.00000000  0.00000000  0.00000000  1.00000000
$ P-TYPE FUNCTIONS
    5    5    0
    36.80000000  1.00000000  0.00000000  0.00000000  0.00000000  0.00000000
     7.36000000  0.00000000  1.00000000  0.00000000  0.00000000  0.00000000
     1.84000000  0.00000000  0.00000000  1.00000000  0.00000000  0.00000000
     0.46000000  0.00000000  0.00000000  0.00000000  1.00000000  0.00000000
     0.11500000  0.00000000  0.00000000  0.00000000  0.00000000  1.00000000
$ D-TYPE FUNCTIONS
    5    5    0
    36.80000000  1.00000000  0.00000000  0.00000000  0.00000000  0.00000000
     7.36000000  0.00000000  1.00000000  0.00000000  0.00000000  0.00000000
     1.84000000  0.00000000  0.00000000  1.00000000  0.00000000  0.00000000
     0.46000000  0.00000000  0.00000000  0.00000000  1.00000000  0.00000000
     0.11500000  0.00000000  0.00000000  0.00000000  0.00000000  1.00000000
a 25
$ MANGANESE    (10s,5p,5d)                                                      
$ S-TYPE FUNCTIONS
   10   10    0
    41000.00000  1.00000000  0.00000000  0.00000000  0.00000000  0.00000000  0.00000000
     0.00000000  0.00000000  0.00000000  0.00000000
  8200.00000000  0.00000000  1.00000000  0.00000000  0.00000000  0.00000000  0.00000000
     0.00000000  0.00000000  0.00000000  0.00000000
  2050.00000000  0.00000000  0.00000000  1.00000000  0.00000000  0.00000000  0.00000000
     0.00000000  0.00000000  0.00000000  0.00000000
   510.00000000  0.00000000  0.00000000  0.00000000  1.00000000  0.00000000  0.00000000
     0.00000000  0.00000000  0.00000000  0.00000000
   128.00000000  0.00000000  0.00000000  0.00000000  0.00000000  1.00000000  0.00000000
     0.00000000  0.00000000  0.00000000  0.00000000
    40.00000000  0.00000000  0.00000000  0.00000000  0.00000000  0.00000000  1.00000000
     0.00000000  0.00000000  0.00000000  0.00000000
     8.00000000  0.00000000  0.00000000  0.00000000  0.00000000  0.00000000  0.00000000
     1.00000000  0.00000000  0.00000000  0.00000000
     2.00000000  0.00000000  0.00000000  0.00000000  0.00000000  0.00000000  0.00000000
     0.00000000  1.00000000  0.00000000  0.00000000
     0.50000000  0.00000000  0.00000000  0.00000000  0.00000000  0.00000000  0.00000000
     0.00000000  0.00000000  1.00000000  0.00000000
     0.12500000  0.00000000  0.00000000  0.00000000  0.00000000  0.00000000  0.00000000
     0.00000000  0.00000000  0.00000000  1.00000000
$ P-TYPE FUNCTIONS
    5    5    0
    40.00000000  1.00000000  0.00000000  0.00000000  0.00000000  0.00000000
     8.00000000  0.00000000  1.00000000  0.00000000  0.00000000  0.00000000
     2.00000000  0.00000000  0.00000000  1.00000000  0.00000000  0.00000000
     0.50000000  0.00000000  0.00000000  0.00000000  1.00000000  0.00000000
     0.12500000  0.00000000  0.00000000  0.00000000  0.00000000  1.00000000
$ D-TYPE FUNCTIONS
    5    5    0
    40.00000000  1.00000000  0.00000000  0.00000000  0.00000000  0.00000000
     8.00000000  0.00000000  1.00000000  0.00000000  0.00000000  0.00000000
     2.00000000  0.00000000  0.00000000  1.00000000  0.00000000  0.00000000
     0.50000000  0.00000000  0.00000000  0.00000000  1.00000000  0.00000000
     0.12500000  0.00000000  0.00000000  0.00000000  0.00000000  1.00000000
a 26
$ IRON         (10s,5p,5d)                                                      
$ S-TYPE FUNCTIONS
   10   10    0
    44000.00000  1.00000000  0.00000000  0.00000000  0.00000000  0.00000000  0.00000000
     0.00000000  0.00000000  0.00000000  0.00000000
  8800.00000000  0.00000000  1.00000000  0.00000000  0.00000000  0.00000000  0.00000000
     0.00000000  0.00000000  0.00000000  0.00000000
  2200.00000000  0.00000000  0.00000000  1.00000000  0.00000000  0.00000000  0.00000000
     0.00000000  0.00000000  0.00000000  0.00000000
   550.00000000  0.00000000  0.00000000  0.00000000  1.00000000  0.00000000  0.00000000
     0.00000000  0.00000000  0.00000000  0.00000000
   137.00000000  0.00000000  0.00000000  0.00000000  0.00000000  1.00000000  0.00000000
     0.00000000  0.00000000  0.00000000  0.00000000
    43.20000000  0.00000000  0.00000000  0.00000000  0.00000000  0.00000000  1.00000000
     0.00000000  0.00000000  0.00000000  0.00000000
     8.60000000  0.00000000  0.00000000  0.00000000  0.00000000  0.00000000  0.00000000
     1.00000000  0.00000000  0.00000000  0.00000000
     2.20000000  0.00000000  0.00000000  0.00000000  0.00000000  0.00000000  0.00000000
     0.00000000  1.00000000  0.00000000  0.00000000
     0.54000000  0.00000000  0.00000000  0.00000000  0.00000000  0.00000000  0.00000000
     0.00000000  0.00000000  1.00000000  0.00000000
     0.13500000  0.00000000  0.00000000  0.00000000  0.00000000  0.00000000  0.00000000
     0.00000000  0.00000000  0.00000000  1.00000000
$ P-TYPE FUNCTIONS
    5    5    0
    43.20000000  1.00000000  0.00000000  0.00000000  0.00000000  0.00000000
     8.60000000  0.00000000  1.00000000  0.00000000  0.00000000  0.00000000
     2.20000000  0.00000000  0.00000000  1.00000000  0.00000000  0.00000000
     0.54000000  0.00000000  0.00000000  0.00000000  1.00000000  0.00000000
     0.13500000  0.00000000  0.00000000  0.00000000  0.00000000  1.00000000
$ D-TYPE FUNCTIONS
    5    5    0
    43.20000000  1.00000000  0.00000000  0.00000000  0.00000000  0.00000000
     8.60000000  0.00000000  1.00000000  0.00000000  0.00000000  0.00000000
     2.20000000  0.00000000  0.00000000  1.00000000  0.00000000  0.00000000
     0.54000000  0.00000000  0.00000000  0.00000000  1.00000000  0.00000000
     0.13500000  0.00000000  0.00000000  0.00000000  0.00000000  1.00000000
a 27
$ COBALT       (10s,5p,5d)                                                      
$ S-TYPE FUNCTIONS
   10   10    0
    47000.00000  1.00000000  0.00000000  0.00000000  0.00000000  0.00000000  0.00000000
     0.00000000  0.00000000  0.00000000  0.00000000
  9400.00000000  0.00000000  1.00000000  0.00000000  0.00000000  0.00000000  0.00000000
     0.00000000  0.00000000  0.00000000  0.00000000
  2350.00000000  0.00000000  0.00000000  1.00000000  0.00000000  0.00000000  0.00000000
     0.00000000  0.00000000  0.00000000  0.00000000
   590.00000000  0.00000000  0.00000000  0.00000000  1.00000000  0.00000000  0.00000000
     0.00000000  0.00000000  0.00000000  0.00000000
   147.00000000  0.00000000  0.00000000  0.00000000  0.00000000  1.00000000  0.00000000
     0.00000000  0.00000000  0.00000000  0.00000000
    46.00000000  0.00000000  0.00000000  0.00000000  0.00000000  0.00000000  1.00000000
     0.00000000  0.00000000  0.00000000  0.00000000
     9.20000000  0.00000000  0.00000000  0.00000000  0.00000000  0.00000000  0.00000000
     1.00000000  0.00000000  0.00000000  0.00000000
     2.30000000  0.00000000  0.00000000  0.00000000  0.00000000  0.00000000  0.00000000
     0.00000000  1.00000000  0.00000000  0.00000000
     0.58000000  0.00000000  0.00000000  0.00000000  0.00000000  0.00000000  0.00000000
     0.00000000  0.00000000  1.00000000  0.00000000
     0.14400000  0.00000000  0.00000000  0.00000000  0.00000000  0.00000000  0.00000000
     0.00000000  0.00000000  0.00000000  1.00000000
$ P-TYPE FUNCTIONS
    5    5    0
    46.00000000  1.00000000  0.00000000  0.00000000  0.00000000  0.00000000
     9.20000000  0.00000000  1.00000000  0.00000000  0.00000000  0.00000000
     2.30000000  0.00000000  0.00000000  1.00000000  0.00000000  0.00000000
     0.58000000  0.00000000  0.00000000  0.00000000  1.00000000  0.00000000
     0.14400000  0.00000000  0.00000000  0.00000000  0.00000000  1.00000000
$ D-TYPE FUNCTIONS
    5    5    0
    46.00000000  1.00000000  0.00000000  0.00000000  0.00000000  0.00000000
     9.20000000  0.00000000  1.00000000  0.00000000  0.00000000  0.00000000
     2.30000000  0.00000000  0.00000000  1.00000000  0.00000000  0.00000000
     0.58000000  0.00000000  0.00000000  0.00000000  1.00000000  0.00000000
     0.14400000  0.00000000  0.00000000  0.00000000  0.00000000  1.00000000
a 28
$ NICKEL       (10s,5p,5d)                                                      
$ S-TYPE FUNCTIONS
   10   10    0
    50000.00000  1.00000000  0.00000000  0.00000000  0.00000000  0.00000000  0.00000000
     0.00000000  0.00000000  0.00000000  0.00000000
  9930.00000000  0.00000000  1.00000000  0.00000000  0.00000000  0.00000000  0.00000000
     0.00000000  0.00000000  0.00000000  0.00000000
  2500.00000000  0.00000000  0.00000000  1.00000000  0.00000000  0.00000000  0.00000000
     0.00000000  0.00000000  0.00000000  0.00000000
   620.00000000  0.00000000  0.00000000  0.00000000  1.00000000  0.00000000  0.00000000
     0.00000000  0.00000000  0.00000000  0.00000000
   155.00000000  0.00000000  0.00000000  0.00000000  0.00000000  1.00000000  0.00000000
     0.00000000  0.00000000  0.00000000  0.00000000
    48.00000000  0.00000000  0.00000000  0.00000000  0.00000000  0.00000000  1.00000000
     0.00000000  0.00000000  0.00000000  0.00000000
     9.70000000  0.00000000  0.00000000  0.00000000  0.00000000  0.00000000  0.00000000
     1.00000000  0.00000000  0.00000000  0.00000000
     2.40000000  0.00000000  0.00000000  0.00000000  0.00000000  0.00000000  0.00000000
     0.00000000  1.00000000  0.00000000  0.00000000
     0.60000000  0.00000000  0.00000000  0.00000000  0.00000000  0.00000000  0.00000000
     0.00000000  0.00000000  1.00000000  0.00000000
     0.15200000  0.00000000  0.00000000  0.00000000  0.00000000  0.00000000  0.00000000
     0.00000000  0.00000000  0.00000000  1.00000000
$ P-TYPE FUNCTIONS
    5    5    0
    48.00000000  1.00000000  0.00000000  0.00000000  0.00000000  0.00000000
     9.70000000  0.00000000  1.00000000  0.00000000  0.00000000  0.00000000
     2.40000000  0.00000000  0.00000000  1.00000000  0.00000000  0.00000000
     0.60000000  0.00000000  0.00000000  0.00000000  1.00000000  0.00000000
     0.15200000  0.00000000  0.00000000  0.00000000  0.00000000  1.00000000
$ D-TYPE FUNCTIONS
    5    5    0
    48.00000000  1.00000000  0.00000000  0.00000000  0.00000000  0.00000000
     9.70000000  0.00000000  1.00000000  0.00000000  0.00000000  0.00000000
     2.40000000  0.00000000  0.00000000  1.00000000  0.00000000  0.00000000
     0.60000000  0.00000000  0.00000000  0.00000000  1.00000000  0.00000000
     0.15200000  0.00000000  0.00000000  0.00000000  0.00000000  1.00000000
a 29
$ COPPER       (10s,5p,5d)                                                      
$ S-TYPE FUNCTIONS
   10   10    0
    53000.00000  1.00000000  0.00000000  0.00000000  0.00000000  0.00000000  0.00000000
     0.00000000  0.00000000  0.00000000  0.00000000
    10500.00000  0.00000000  1.00000000  0.00000000  0.00000000  0.00000000  0.00000000
     0.00000000  0.00000000  0.00000000  0.00000000
  2640.00000000  0.00000000  0.00000000  1.00000000  0.00000000  0.00000000  0.00000000
     0.00000000  0.00000000  0.00000000  0.00000000
   660.00000000  0.00000000  0.00000000  0.00000000  1.00000000  0.00000000  0.00000000
     0.00000000  0.00000000  0.00000000  0.00000000
   165.00000000  0.00000000  0.00000000  0.00000000  0.00000000  1.00000000  0.00000000
     0.00000000  0.00000000  0.00000000  0.00000000
    51.00000000  0.00000000  0.00000000  0.00000000  0.00000000  0.00000000  1.00000000
     0.00000000  0.00000000  0.00000000  0.00000000
    10.30000000  0.00000000  0.00000000  0.00000000  0.00000000  0.00000000  0.00000000
     1.00000000  0.00000000  0.00000000  0.00000000
     2.57000000  0.00000000  0.00000000  0.00000000  0.00000000  0.00000000  0.00000000
     0.00000000  1.00000000  0.00000000  0.00000000
     0.64000000  0.00000000  0.00000000  0.00000000  0.00000000  0.00000000  0.00000000
     0.00000000  0.00000000  1.00000000  0.00000000
     0.16000000  0.00000000  0.00000000  0.00000000  0.00000000  0.00000000  0.00000000
     0.00000000  0.00000000  0.00000000  1.00000000
$ P-TYPE FUNCTIONS
    5    5    0
    51.00000000  1.00000000  0.00000000  0.00000000  0.00000000  0.00000000
    10.30000000  0.00000000  1.00000000  0.00000000  0.00000000  0.00000000
     2.57000000  0.00000000  0.00000000  1.00000000  0.00000000  0.00000000
     0.64000000  0.00000000  0.00000000  0.00000000  1.00000000  0.00000000
     0.16000000  0.00000000  0.00000000  0.00000000  0.00000000  1.00000000
$ D-TYPE FUNCTIONS
    5    5    0
    51.00000000  1.00000000  0.00000000  0.00000000  0.00000000  0.00000000
    10.30000000  0.00000000  1.00000000  0.00000000  0.00000000  0.00000000
     2.57000000  0.00000000  0.00000000  1.00000000  0.00000000  0.00000000
     0.64000000  0.00000000  0.00000000  0.00000000  1.00000000  0.00000000
     0.16000000  0.00000000  0.00000000  0.00000000  0.00000000  1.00000000
a 30
$ ZINC         (10s,5p,5d)                                                      
$ S-TYPE FUNCTIONS
   10   10    0
    75500.00000  1.00000000  0.00000000  0.00000000  0.00000000  0.00000000  0.00000000
     0.00000000  0.00000000  0.00000000  0.00000000
    15100.00000  0.00000000  1.00000000  0.00000000  0.00000000  0.00000000  0.00000000
     0.00000000  0.00000000  0.00000000  0.00000000
  3776.00000000  0.00000000  0.00000000  1.00000000  0.00000000  0.00000000  0.00000000
     0.00000000  0.00000000  0.00000000  0.00000000
   944.00000000  0.00000000  0.00000000  0.00000000  1.00000000  0.00000000  0.00000000
     0.00000000  0.00000000  0.00000000  0.00000000
   236.00000000  0.00000000  0.00000000  0.00000000  0.00000000  1.00000000  0.00000000
     0.00000000  0.00000000  0.00000000  0.00000000
    74.00000000  0.00000000  0.00000000  0.00000000  0.00000000  0.00000000  1.00000000
     0.00000000  0.00000000  0.00000000  0.00000000
    14.80000000  0.00000000  0.00000000  0.00000000  0.00000000  0.00000000  0.00000000
     1.00000000  0.00000000  0.00000000  0.00000000
     3.70000000  0.00000000  0.00000000  0.00000000  0.00000000  0.00000000  0.00000000
     0.00000000  1.00000000  0.00000000  0.00000000
     0.92000000  0.00000000  0.00000000  0.00000000  0.00000000  0.00000000  0.00000000
     0.00000000  0.00000000  1.00000000  0.00000000
     0.23000000  0.00000000  0.00000000  0.00000000  0.00000000  0.00000000  0.00000000
     0.00000000  0.00000000  0.00000000  1.00000000
$ P-TYPE FUNCTIONS
    5    5    0
    74.00000000  1.00000000  0.00000000  0.00000000  0.00000000  0.00000000
    14.80000000  0.00000000  1.00000000  0.00000000  0.00000000  0.00000000
     3.70000000  0.00000000  0.00000000  1.00000000  0.00000000  0.00000000
     0.92000000  0.00000000  0.00000000  0.00000000  1.00000000  0.00000000
     0.23000000  0.00000000  0.00000000  0.00000000  0.00000000  1.00000000
$ D-TYPE FUNCTIONS
    5    5    0
    74.00000000  1.00000000  0.00000000  0.00000000  0.00000000  0.00000000
    14.80000000  0.00000000  1.00000000  0.00000000  0.00000000  0.00000000
     3.70000000  0.00000000  0.00000000  1.00000000  0.00000000  0.00000000
     0.92000000  0.00000000  0.00000000  0.00000000  1.00000000  0.00000000
     0.23000000  0.00000000  0.00000000  0.00000000  0.00000000  1.00000000



